1 A 1 1
1 B 1 2
1 C 1 3
1 D 1 4
1 E 1 5
1 F 1 6
1 G 1 7
1 H 1 8
1 I 1 9
1 J 1 10
1 A 2 1
1 B 2 2
1 C 2 3
1 D 2 4
1 E 2 5
1 F 2 6
1 G 2 7
1 H 2 8
1 I 2 9
1 J 2 10
1 A 3 1
1 B 3 2
1 C 3 3
1 D 3 4
1 E 3 5
1 F 3 6
1 G 3 7
1 H 3 8
1 I 3 9
1 J 3 10
1 A 4 1
1 B 4 2
1 C 4 3
1 D 4 4
1 E 4 5
1 F 4 6
1 G 4 7
1 H 4 8
1 I 4 9
1 J 4 10
1 A 5 1
1 B 5 2
1 C 5 3
1 D 5 4
1 E 5 5
1 F 5 6
1 G 5 7
1 H 5 8
1 I 5 9
1 J 5 10
2 A 1 1
2 B 1 2
2 C 1 3
2 D 1 4
2 E 1 5
2 F 1 6
2 G 1 7
2 H 1 8
2 I 1 9
2 J 1 10
2 A 2 1
2 B 2 2
2 C 2 3
2 D 2 4
2 E 2 5
2 F 2 6
2 G 2 7
2 H 2 8
2 I 2 9
2 J 2 10
2 A 3 1
2 B 3 2
2 C 3 3
2 D 3 4
2 E 3 5
2 F 3 6
2 G 3 7
2 H 3 8
2 I 3 9
2 J 3 10
2 A 4 1
2 B 4 2
2 C 4 3
2 D 4 4
2 E 4 5
2 F 4 6
2 G 4 7
2 H 4 8
2 I 4 9
2 J 4 10
2 A 5 1
2 B 5 2
2 C 5 3
2 D 5 4
2 E 5 5
2 F 5 6
2 G 5 7
2 H 5 8
2 I 5 9
2 J 5 10
3 A 1 1
3 B 1 2
3 C 1 3
3 D 1 4
3 E 1 5
3 F 1 6
3 G 1 7
3 H 1 8
3 I 1 9
3 J 1 10
3 A 2 1
3 B 2 2
3 C 2 3
3 D 2 4
3 E 2 5
3 F 2 6
3 G 2 7
3 H 2 8
3 I 2 9
3 J 2 10
3 A 3 1
3 B 3 2
3 C 3 3
3 D 3 4
3 E 3 5
3 F 3 6
3 G 3 7
3 H 3 8
3 I 3 9
3 J 3 10
3 A 4 1
3 B 4 2
3 C 4 3
3 D 4 4
3 E 4 5
3 F 4 6
3 G 4 7
3 H 4 8
3 I 4 9
3 J 4 10
3 A 5 1
3 B 5 2
3 C 5 3
3 D 5 4
3 E 5 5
3 F 5 6
3 G 5 7
3 H 5 8
3 I 5 9
3 J 5 10
4 A 1 1
4 B 1 2
4 C 1 3
4 D 1 4
4 E 1 5
4 F 1 6
4 G 1 7
4 H 1 8
4 I 1 9
4 J 1 10
4 A 2 1
4 B 2 2
4 C 2 3
4 D 2 4
4 E 2 5
4 F 2 6
4 G 2 7
4 H 2 8
4 I 2 9
4 J 2 10
4 A 3 1
4 B 3 2
4 C 3 3
4 D 3 4
4 E 3 5
4 F 3 6
4 G 3 7
4 H 3 8
4 I 3 9
4 J 3 10
4 A 4 1
4 B 4 2
4 C 4 3
4 D 4 4
4 E 4 5
4 F 4 6
4 G 4 7
4 H 4 8
4 I 4 9
4 J 4 10
4 A 5 1
4 B 5 2
4 C 5 3
4 D 5 4
4 E 5 5
4 F 5 6
4 G 5 7
4 H 5 8
4 I 5 9
4 J 5 10
5 A 1 1
5 B 1 2
5 C 1 3
5 D 1 4
5 E 1 5
5 F 1 6
5 G 1 7
5 H 1 8
5 I 1 9
5 J 1 10
5 A 2 1
5 B 2 2
5 C 2 3
5 D 2 4
5 E 2 5
5 F 2 6
5 G 2 7
5 H 2 8
5 I 2 9
5 J 2 10
5 A 3 1
5 B 3 2
5 C 3 3
5 D 3 4
5 E 3 5
5 F 3 6
5 G 3 7
5 H 3 8
5 I 3 9
5 J 3 10
5 A 4 1
5 B 4 2
5 C 4 3
5 D 4 4
5 E 4 5
5 F 4 6
5 G 4 7
5 H 4 8
5 I 4 9
5 J 4 10
5 A 5 1
5 B 5 2
5 C 5 3
5 D 5 4
5 E 5 5
5 F 5 6
5 G 5 7
5 H 5 8
5 I 5 9
5 J 5 10
