13 A 10 1
10 A 13 1
13 B 10 2
10 B 13 2
13 C 10 3
10 C 13 3
13 D 10 4
10 D 13 4
13 E 10 5
10 E 13 5
10 A 15 1
15 A 10 1
10 B 15 2
15 B 10 2
10 C 15 3
15 C 10 3
10 D 15 4
15 D 10 4
10 E 15 5
15 E 10 5
15 A 13 1
13 A 15 1
15 B 13 2
13 B 15 2
15 C 13 3
13 C 15 3
15 D 13 4
13 D 15 4
15 E 13 5
13 E 15 5
7 A 13 1
13 A 7 1
7 B 13 2
13 B 7 2
7 C 13 3
13 C 7 3
7 D 13 4
13 D 7 4
7 E 13 5
13 E 7 5
13 A 14 1
14 A 13 1
13 B 14 2
14 B 13 2
13 C 14 3
14 C 13 3
13 D 14 4
14 D 13 4
13 E 14 5
14 E 13 5
14 A 7 1
7 A 14 1
14 B 7 2
7 B 14 2
14 C 7 3
7 C 14 3
14 D 7 4
7 D 14 4
14 E 7 5
7 E 14 5
14 A 15 1
15 A 14 1
14 B 15 2
15 B 14 2
14 C 15 3
15 C 14 3
14 D 15 4
15 D 14 4
14 E 15 5
15 E 14 5
15 A 12 1
12 A 15 1
15 B 12 2
12 B 15 2
15 C 12 3
12 C 15 3
15 D 12 4
12 D 15 4
15 E 12 5
12 E 15 5
12 A 14 1
14 A 12 1
12 B 14 2
14 B 12 2
12 C 14 3
14 C 12 3
12 D 14 4
14 D 12 4
12 E 14 5
14 E 12 5
16 A 4 1
4 A 16 1
16 B 4 2
4 B 16 2
16 C 4 3
4 C 16 3
16 D 4 4
4 D 16 4
16 E 4 5
4 E 16 5
4 A 18 1
18 A 4 1
4 B 18 2
18 B 4 2
4 C 18 3
18 C 4 3
4 D 18 4
18 D 4 4
4 E 18 5
18 E 4 5
18 A 16 1
16 A 18 1
18 B 16 2
16 B 18 2
18 C 16 3
16 C 18 3
18 D 16 4
16 D 18 4
18 E 16 5
16 E 18 5
10 A 16 1
16 A 10 1
10 B 16 2
16 B 10 2
10 C 16 3
16 C 10 3
10 D 16 4
16 D 10 4
10 E 16 5
16 E 10 5
16 A 17 1
17 A 16 1
16 B 17 2
17 B 16 2
16 C 17 3
17 C 16 3
16 D 17 4
17 D 16 4
16 E 17 5
17 E 16 5
17 A 10 1
10 A 17 1
17 B 10 2
10 B 17 2
17 C 10 3
10 C 17 3
17 D 10 4
10 D 17 4
17 E 10 5
10 E 17 5
17 A 18 1
18 A 17 1
17 B 18 2
18 B 17 2
17 C 18 3
18 C 17 3
17 D 18 4
18 D 17 4
17 E 18 5
18 E 17 5
18 A 11 1
11 A 18 1
18 B 11 2
11 B 18 2
18 C 11 3
11 C 18 3
18 D 11 4
11 D 18 4
18 E 11 5
11 E 18 5
11 A 17 1
17 A 11 1
11 B 17 2
17 B 11 2
11 C 17 3
17 C 11 3
11 D 17 4
17 D 11 4
11 E 17 5
17 E 11 5
19 A 11 1
11 A 19 1
19 B 11 2
11 B 19 2
19 C 11 3
11 C 19 3
19 D 11 4
11 D 19 4
19 E 11 5
11 E 19 5
11 A 21 1
21 A 11 1
11 B 21 2
21 B 11 2
11 C 21 3
21 C 11 3
11 D 21 4
21 D 11 4
11 E 21 5
21 E 11 5
21 A 19 1
19 A 21 1
21 B 19 2
19 B 21 2
21 C 19 3
19 C 21 3
21 D 19 4
19 D 21 4
21 E 19 5
19 E 21 5
12 A 19 1
19 A 12 1
12 B 19 2
19 B 12 2
12 C 19 3
19 C 12 3
12 D 19 4
19 D 12 4
12 E 19 5
19 E 12 5
19 A 20 1
20 A 19 1
19 B 20 2
20 B 19 2
19 C 20 3
20 C 19 3
19 D 20 4
20 D 19 4
19 E 20 5
20 E 19 5
20 A 12 1
12 A 20 1
20 B 12 2
12 B 20 2
20 C 12 3
12 C 20 3
20 D 12 4
12 D 20 4
20 E 12 5
12 E 20 5
20 A 21 1
21 A 20 1
20 B 21 2
21 B 20 2
20 C 21 3
21 C 20 3
20 D 21 4
21 D 20 4
20 E 21 5
21 E 20 5
21 A 9 1
9 A 21 1
21 B 9 2
9 B 21 2
21 C 9 3
9 C 21 3
21 D 9 4
9 D 21 4
21 E 9 5
9 E 21 5
9 A 20 1
20 A 9 1
9 B 20 2
20 B 9 2
9 C 20 3
20 C 9 3
9 D 20 4
20 D 9 4
9 E 20 5
20 E 9 5
25 A 22 1
22 A 25 1
25 B 22 2
22 B 25 2
25 C 22 3
22 C 25 3
25 D 22 4
22 D 25 4
25 E 22 5
22 E 25 5
22 A 27 1
27 A 22 1
22 B 27 2
27 B 22 2
22 C 27 3
27 C 22 3
22 D 27 4
27 D 22 4
22 E 27 5
27 E 22 5
27 A 25 1
25 A 27 1
27 B 25 2
25 B 27 2
27 C 25 3
25 C 27 3
27 D 25 4
25 D 27 4
27 E 25 5
25 E 27 5
2 A 25 1
25 A 2 1
2 B 25 2
25 B 2 2
2 C 25 3
25 C 2 3
2 D 25 4
25 D 2 4
2 E 25 5
25 E 2 5
25 A 26 1
26 A 25 1
25 B 26 2
26 B 25 2
25 C 26 3
26 C 25 3
25 D 26 4
26 D 25 4
25 E 26 5
26 E 25 5
26 A 2 1
2 A 26 1
26 B 2 2
2 B 26 2
26 C 2 3
2 C 26 3
26 D 2 4
2 D 26 4
26 E 2 5
2 E 26 5
26 A 27 1
27 A 26 1
26 B 27 2
27 B 26 2
26 C 27 3
27 C 26 3
26 D 27 4
27 D 26 4
26 E 27 5
27 E 26 5
27 A 24 1
24 A 27 1
27 B 24 2
24 B 27 2
27 C 24 3
24 C 27 3
27 D 24 4
24 D 27 4
27 E 24 5
24 E 27 5
24 A 26 1
26 A 24 1
24 B 26 2
26 B 24 2
24 C 26 3
26 C 24 3
24 D 26 4
26 D 24 4
24 E 26 5
26 E 24 5
28 A 7 1
7 A 28 1
28 B 7 2
7 B 28 2
28 C 7 3
7 C 28 3
28 D 7 4
7 D 28 4
28 E 7 5
7 E 28 5
7 A 30 1
30 A 7 1
7 B 30 2
30 B 7 2
7 C 30 3
30 C 7 3
7 D 30 4
30 D 7 4
7 E 30 5
30 E 7 5
30 A 28 1
28 A 30 1
30 B 28 2
28 B 30 2
30 C 28 3
28 C 30 3
30 D 28 4
28 D 30 4
30 E 28 5
28 E 30 5
22 A 28 1
28 A 22 1
22 B 28 2
28 B 22 2
22 C 28 3
28 C 22 3
22 D 28 4
28 D 22 4
22 E 28 5
28 E 22 5
28 A 29 1
29 A 28 1
28 B 29 2
29 B 28 2
28 C 29 3
29 C 28 3
28 D 29 4
29 D 28 4
28 E 29 5
29 E 28 5
29 A 22 1
22 A 29 1
29 B 22 2
22 B 29 2
29 C 22 3
22 C 29 3
29 D 22 4
22 D 29 4
29 E 22 5
22 E 29 5
29 A 30 1
30 A 29 1
29 B 30 2
30 B 29 2
29 C 30 3
30 C 29 3
29 D 30 4
30 D 29 4
29 E 30 5
30 E 29 5
30 A 23 1
23 A 30 1
30 B 23 2
23 B 30 2
30 C 23 3
23 C 30 3
30 D 23 4
23 D 30 4
30 E 23 5
23 E 30 5
23 A 29 1
29 A 23 1
23 B 29 2
29 B 23 2
23 C 29 3
29 C 23 3
23 D 29 4
29 D 23 4
23 E 29 5
29 E 23 5
31 A 23 1
23 A 31 1
31 B 23 2
23 B 31 2
31 C 23 3
23 C 31 3
31 D 23 4
23 D 31 4
31 E 23 5
23 E 31 5
23 A 33 1
33 A 23 1
23 B 33 2
33 B 23 2
23 C 33 3
33 C 23 3
23 D 33 4
33 D 23 4
23 E 33 5
33 E 23 5
33 A 31 1
31 A 33 1
33 B 31 2
31 B 33 2
33 C 31 3
31 C 33 3
33 D 31 4
31 D 33 4
33 E 31 5
31 E 33 5
24 A 31 1
31 A 24 1
24 B 31 2
31 B 24 2
24 C 31 3
31 C 24 3
24 D 31 4
31 D 24 4
24 E 31 5
31 E 24 5
31 A 32 1
32 A 31 1
31 B 32 2
32 B 31 2
31 C 32 3
32 C 31 3
31 D 32 4
32 D 31 4
31 E 32 5
32 E 31 5
32 A 24 1
24 A 32 1
32 B 24 2
24 B 32 2
32 C 24 3
24 C 32 3
32 D 24 4
24 D 32 4
32 E 24 5
24 E 32 5
32 A 33 1
33 A 32 1
32 B 33 2
33 B 32 2
32 C 33 3
33 C 32 3
32 D 33 4
33 D 32 4
32 E 33 5
33 E 32 5
33 A 8 1
8 A 33 1
33 B 8 2
8 B 33 2
33 C 8 3
8 C 33 3
33 D 8 4
8 D 33 4
33 E 8 5
8 E 33 5
8 A 32 1
32 A 8 1
8 B 32 2
32 B 8 2
8 C 32 3
32 C 8 3
8 D 32 4
32 D 8 4
8 E 32 5
32 E 8 5
37 A 34 1
34 A 37 1
37 B 34 2
34 B 37 2
37 C 34 3
34 C 37 3
37 D 34 4
34 D 37 4
37 E 34 5
34 E 37 5
34 A 39 1
39 A 34 1
34 B 39 2
39 B 34 2
34 C 39 3
39 C 34 3
34 D 39 4
39 D 34 4
34 E 39 5
39 E 34 5
39 A 37 1
37 A 39 1
39 B 37 2
37 B 39 2
39 C 37 3
37 C 39 3
39 D 37 4
37 D 39 4
39 E 37 5
37 E 39 5
8 A 37 1
37 A 8 1
8 B 37 2
37 B 8 2
8 C 37 3
37 C 8 3
8 D 37 4
37 D 8 4
8 E 37 5
37 E 8 5
37 A 38 1
38 A 37 1
37 B 38 2
38 B 37 2
37 C 38 3
38 C 37 3
37 D 38 4
38 D 37 4
37 E 38 5
38 E 37 5
38 A 8 1
8 A 38 1
38 B 8 2
8 B 38 2
38 C 8 3
8 C 38 3
38 D 8 4
8 D 38 4
38 E 8 5
8 E 38 5
38 A 39 1
39 A 38 1
38 B 39 2
39 B 38 2
38 C 39 3
39 C 38 3
38 D 39 4
39 D 38 4
38 E 39 5
39 E 38 5
39 A 36 1
36 A 39 1
39 B 36 2
36 B 39 2
39 C 36 3
36 C 39 3
39 D 36 4
36 D 39 4
39 E 36 5
36 E 39 5
36 A 38 1
38 A 36 1
36 B 38 2
38 B 36 2
36 C 38 3
38 C 36 3
36 D 38 4
38 D 36 4
36 E 38 5
38 E 36 5
40 A 9 1
9 A 40 1
40 B 9 2
9 B 40 2
40 C 9 3
9 C 40 3
40 D 9 4
9 D 40 4
40 E 9 5
9 E 40 5
9 A 42 1
42 A 9 1
9 B 42 2
42 B 9 2
9 C 42 3
42 C 9 3
9 D 42 4
42 D 9 4
9 E 42 5
42 E 9 5
42 A 40 1
40 A 42 1
42 B 40 2
40 B 42 2
42 C 40 3
40 C 42 3
42 D 40 4
40 D 42 4
42 E 40 5
40 E 42 5
34 A 40 1
40 A 34 1
34 B 40 2
40 B 34 2
34 C 40 3
40 C 34 3
34 D 40 4
40 D 34 4
34 E 40 5
40 E 34 5
40 A 41 1
41 A 40 1
40 B 41 2
41 B 40 2
40 C 41 3
41 C 40 3
40 D 41 4
41 D 40 4
40 E 41 5
41 E 40 5
41 A 34 1
34 A 41 1
41 B 34 2
34 B 41 2
41 C 34 3
34 C 41 3
41 D 34 4
34 D 41 4
41 E 34 5
34 E 41 5
41 A 42 1
42 A 41 1
41 B 42 2
42 B 41 2
41 C 42 3
42 C 41 3
41 D 42 4
42 D 41 4
41 E 42 5
42 E 41 5
42 A 35 1
35 A 42 1
42 B 35 2
35 B 42 2
42 C 35 3
35 C 42 3
42 D 35 4
35 D 42 4
42 E 35 5
35 E 42 5
35 A 41 1
41 A 35 1
35 B 41 2
41 B 35 2
35 C 41 3
41 C 35 3
35 D 41 4
41 D 35 4
35 E 41 5
41 E 35 5
43 A 35 1
35 A 43 1
43 B 35 2
35 B 43 2
43 C 35 3
35 C 43 3
43 D 35 4
35 D 43 4
43 E 35 5
35 E 43 5
35 A 45 1
45 A 35 1
35 B 45 2
45 B 35 2
35 C 45 3
45 C 35 3
35 D 45 4
45 D 35 4
35 E 45 5
45 E 35 5
45 A 43 1
43 A 45 1
45 B 43 2
43 B 45 2
45 C 43 3
43 C 45 3
45 D 43 4
43 D 45 4
45 E 43 5
43 E 45 5
36 A 43 1
43 A 36 1
36 B 43 2
43 B 36 2
36 C 43 3
43 C 36 3
36 D 43 4
43 D 36 4
36 E 43 5
43 E 36 5
43 A 44 1
44 A 43 1
43 B 44 2
44 B 43 2
43 C 44 3
44 C 43 3
43 D 44 4
44 D 43 4
43 E 44 5
44 E 43 5
44 A 36 1
36 A 44 1
44 B 36 2
36 B 44 2
44 C 36 3
36 C 44 3
44 D 36 4
36 D 44 4
44 E 36 5
36 E 44 5
44 A 45 1
45 A 44 1
44 B 45 2
45 B 44 2
44 C 45 3
45 C 44 3
44 D 45 4
45 D 44 4
44 E 45 5
45 E 44 5
45 A 6 1
6 A 45 1
45 B 6 2
6 B 45 2
45 C 6 3
6 C 45 3
45 D 6 4
6 D 45 4
45 E 6 5
6 E 45 5
6 A 44 1
44 A 6 1
6 B 44 2
44 B 6 2
6 C 44 3
44 C 6 3
6 D 44 4
44 D 6 4
6 E 44 5
44 E 6 5
52 A 49 1
49 A 52 1
52 B 49 2
49 B 52 2
52 C 49 3
49 C 52 3
52 D 49 4
49 D 52 4
52 E 49 5
49 E 52 5
49 A 54 1
54 A 49 1
49 B 54 2
54 B 49 2
49 C 54 3
54 C 49 3
49 D 54 4
54 D 49 4
49 E 54 5
54 E 49 5
54 A 52 1
52 A 54 1
54 B 52 2
52 B 54 2
54 C 52 3
52 C 54 3
54 D 52 4
52 D 54 4
54 E 52 5
52 E 54 5
46 A 52 1
52 A 46 1
46 B 52 2
52 B 46 2
46 C 52 3
52 C 46 3
46 D 52 4
52 D 46 4
46 E 52 5
52 E 46 5
52 A 53 1
53 A 52 1
52 B 53 2
53 B 52 2
52 C 53 3
53 C 52 3
52 D 53 4
53 D 52 4
52 E 53 5
53 E 52 5
53 A 46 1
46 A 53 1
53 B 46 2
46 B 53 2
53 C 46 3
46 C 53 3
53 D 46 4
46 D 53 4
53 E 46 5
46 E 53 5
53 A 54 1
54 A 53 1
53 B 54 2
54 B 53 2
53 C 54 3
54 C 53 3
53 D 54 4
54 D 53 4
53 E 54 5
54 E 53 5
54 A 51 1
51 A 54 1
54 B 51 2
51 B 54 2
54 C 51 3
51 C 54 3
54 D 51 4
51 D 54 4
54 E 51 5
51 E 54 5
51 A 53 1
53 A 51 1
51 B 53 2
53 B 51 2
51 C 53 3
53 C 51 3
51 D 53 4
53 D 51 4
51 E 53 5
53 E 51 5
55 A 1 1
1 A 55 1
55 B 1 2
1 B 55 2
55 C 1 3
1 C 55 3
55 D 1 4
1 D 55 4
55 E 1 5
1 E 55 5
1 A 57 1
57 A 1 1
1 B 57 2
57 B 1 2
1 C 57 3
57 C 1 3
1 D 57 4
57 D 1 4
1 E 57 5
57 E 1 5
57 A 55 1
55 A 57 1
57 B 55 2
55 B 57 2
57 C 55 3
55 C 57 3
57 D 55 4
55 D 57 4
57 E 55 5
55 E 57 5
49 A 55 1
55 A 49 1
49 B 55 2
55 B 49 2
49 C 55 3
55 C 49 3
49 D 55 4
55 D 49 4
49 E 55 5
55 E 49 5
55 A 56 1
56 A 55 1
55 B 56 2
56 B 55 2
55 C 56 3
56 C 55 3
55 D 56 4
56 D 55 4
55 E 56 5
56 E 55 5
56 A 49 1
49 A 56 1
56 B 49 2
49 B 56 2
56 C 49 3
49 C 56 3
56 D 49 4
49 D 56 4
56 E 49 5
49 E 56 5
56 A 57 1
57 A 56 1
56 B 57 2
57 B 56 2
56 C 57 3
57 C 56 3
56 D 57 4
57 D 56 4
56 E 57 5
57 E 56 5
57 A 50 1
50 A 57 1
57 B 50 2
50 B 57 2
57 C 50 3
50 C 57 3
57 D 50 4
50 D 57 4
57 E 50 5
50 E 57 5
50 A 56 1
56 A 50 1
50 B 56 2
56 B 50 2
50 C 56 3
56 C 50 3
50 D 56 4
56 D 50 4
50 E 56 5
56 E 50 5
58 A 50 1
50 A 58 1
58 B 50 2
50 B 58 2
58 C 50 3
50 C 58 3
58 D 50 4
50 D 58 4
58 E 50 5
50 E 58 5
50 A 60 1
60 A 50 1
50 B 60 2
60 B 50 2
50 C 60 3
60 C 50 3
50 D 60 4
60 D 50 4
50 E 60 5
60 E 50 5
60 A 58 1
58 A 60 1
60 B 58 2
58 B 60 2
60 C 58 3
58 C 60 3
60 D 58 4
58 D 60 4
60 E 58 5
58 E 60 5
51 A 58 1
58 A 51 1
51 B 58 2
58 B 51 2
51 C 58 3
58 C 51 3
51 D 58 4
58 D 51 4
51 E 58 5
58 E 51 5
58 A 59 1
59 A 58 1
58 B 59 2
59 B 58 2
58 C 59 3
59 C 58 3
58 D 59 4
59 D 58 4
58 E 59 5
59 E 58 5
59 A 51 1
51 A 59 1
59 B 51 2
51 B 59 2
59 C 51 3
51 C 59 3
59 D 51 4
51 D 59 4
59 E 51 5
51 E 59 5
59 A 60 1
60 A 59 1
59 B 60 2
60 B 59 2
59 C 60 3
60 C 59 3
59 D 60 4
60 D 59 4
59 E 60 5
60 E 59 5
60 A 48 1
48 A 60 1
60 B 48 2
48 B 60 2
60 C 48 3
48 C 60 3
60 D 48 4
48 D 60 4
60 E 48 5
48 E 60 5
48 A 59 1
59 A 48 1
48 B 59 2
59 B 48 2
48 C 59 3
59 C 48 3
48 D 59 4
59 D 48 4
48 E 59 5
59 E 48 5
64 A 61 1
61 A 64 1
64 B 61 2
61 B 64 2
64 C 61 3
61 C 64 3
64 D 61 4
61 D 64 4
64 E 61 5
61 E 64 5
61 A 66 1
66 A 61 1
61 B 66 2
66 B 61 2
61 C 66 3
66 C 61 3
61 D 66 4
66 D 61 4
61 E 66 5
66 E 61 5
66 A 64 1
64 A 66 1
66 B 64 2
64 B 66 2
66 C 64 3
64 C 66 3
66 D 64 4
64 D 66 4
66 E 64 5
64 E 66 5
4 A 64 1
64 A 4 1
4 B 64 2
64 B 4 2
4 C 64 3
64 C 4 3
4 D 64 4
64 D 4 4
4 E 64 5
64 E 4 5
64 A 65 1
65 A 64 1
64 B 65 2
65 B 64 2
64 C 65 3
65 C 64 3
64 D 65 4
65 D 64 4
64 E 65 5
65 E 64 5
65 A 4 1
4 A 65 1
65 B 4 2
4 B 65 2
65 C 4 3
4 C 65 3
65 D 4 4
4 D 65 4
65 E 4 5
4 E 65 5
65 A 66 1
66 A 65 1
65 B 66 2
66 B 65 2
65 C 66 3
66 C 65 3
65 D 66 4
66 D 65 4
65 E 66 5
66 E 65 5
66 A 63 1
63 A 66 1
66 B 63 2
63 B 66 2
66 C 63 3
63 C 66 3
66 D 63 4
63 D 66 4
66 E 63 5
63 E 66 5
63 A 65 1
65 A 63 1
63 B 65 2
65 B 63 2
63 C 65 3
65 C 63 3
63 D 65 4
65 D 63 4
63 E 65 5
65 E 63 5
67 A 46 1
46 A 67 1
67 B 46 2
46 B 67 2
67 C 46 3
46 C 67 3
67 D 46 4
46 D 67 4
67 E 46 5
46 E 67 5
46 A 69 1
69 A 46 1
46 B 69 2
69 B 46 2
46 C 69 3
69 C 46 3
46 D 69 4
69 D 46 4
46 E 69 5
69 E 46 5
69 A 67 1
67 A 69 1
69 B 67 2
67 B 69 2
69 C 67 3
67 C 69 3
69 D 67 4
67 D 69 4
69 E 67 5
67 E 69 5
61 A 67 1
67 A 61 1
61 B 67 2
67 B 61 2
61 C 67 3
67 C 61 3
61 D 67 4
67 D 61 4
61 E 67 5
67 E 61 5
67 A 68 1
68 A 67 1
67 B 68 2
68 B 67 2
67 C 68 3
68 C 67 3
67 D 68 4
68 D 67 4
67 E 68 5
68 E 67 5
68 A 61 1
61 A 68 1
68 B 61 2
61 B 68 2
68 C 61 3
61 C 68 3
68 D 61 4
61 D 68 4
68 E 61 5
61 E 68 5
68 A 69 1
69 A 68 1
68 B 69 2
69 B 68 2
68 C 69 3
69 C 68 3
68 D 69 4
69 D 68 4
68 E 69 5
69 E 68 5
69 A 62 1
62 A 69 1
69 B 62 2
62 B 69 2
69 C 62 3
62 C 69 3
69 D 62 4
62 D 69 4
69 E 62 5
62 E 69 5
62 A 68 1
68 A 62 1
62 B 68 2
68 B 62 2
62 C 68 3
68 C 62 3
62 D 68 4
68 D 62 4
62 E 68 5
68 E 62 5
70 A 62 1
62 A 70 1
70 B 62 2
62 B 70 2
70 C 62 3
62 C 70 3
70 D 62 4
62 D 70 4
70 E 62 5
62 E 70 5
62 A 72 1
72 A 62 1
62 B 72 2
72 B 62 2
62 C 72 3
72 C 62 3
62 D 72 4
72 D 62 4
62 E 72 5
72 E 62 5
72 A 70 1
70 A 72 1
72 B 70 2
70 B 72 2
72 C 70 3
70 C 72 3
72 D 70 4
70 D 72 4
72 E 70 5
70 E 72 5
63 A 70 1
70 A 63 1
63 B 70 2
70 B 63 2
63 C 70 3
70 C 63 3
63 D 70 4
70 D 63 4
63 E 70 5
70 E 63 5
70 A 71 1
71 A 70 1
70 B 71 2
71 B 70 2
70 C 71 3
71 C 70 3
70 D 71 4
71 D 70 4
70 E 71 5
71 E 70 5
71 A 63 1
63 A 71 1
71 B 63 2
63 B 71 2
71 C 63 3
63 C 71 3
71 D 63 4
63 D 71 4
71 E 63 5
63 E 71 5
71 A 72 1
72 A 71 1
71 B 72 2
72 B 71 2
71 C 72 3
72 C 71 3
71 D 72 4
72 D 71 4
71 E 72 5
72 E 71 5
72 A 47 1
47 A 72 1
72 B 47 2
47 B 72 2
72 C 47 3
47 C 72 3
72 D 47 4
47 D 72 4
72 E 47 5
47 E 72 5
47 A 71 1
71 A 47 1
47 B 71 2
71 B 47 2
47 C 71 3
71 C 47 3
47 D 71 4
71 D 47 4
47 E 71 5
71 E 47 5
76 A 73 1
73 A 76 1
76 B 73 2
73 B 76 2
76 C 73 3
73 C 76 3
76 D 73 4
73 D 76 4
76 E 73 5
73 E 76 5
73 A 78 1
78 A 73 1
73 B 78 2
78 B 73 2
73 C 78 3
78 C 73 3
73 D 78 4
78 D 73 4
73 E 78 5
78 E 73 5
78 A 76 1
76 A 78 1
78 B 76 2
76 B 78 2
78 C 76 3
76 C 78 3
78 D 76 4
76 D 78 4
78 E 76 5
76 E 78 5
47 A 76 1
76 A 47 1
47 B 76 2
76 B 47 2
47 C 76 3
76 C 47 3
47 D 76 4
76 D 47 4
47 E 76 5
76 E 47 5
76 A 77 1
77 A 76 1
76 B 77 2
77 B 76 2
76 C 77 3
77 C 76 3
76 D 77 4
77 D 76 4
76 E 77 5
77 E 76 5
77 A 47 1
47 A 77 1
77 B 47 2
47 B 77 2
77 C 47 3
47 C 77 3
77 D 47 4
47 D 77 4
77 E 47 5
47 E 77 5
77 A 78 1
78 A 77 1
77 B 78 2
78 B 77 2
77 C 78 3
78 C 77 3
77 D 78 4
78 D 77 4
77 E 78 5
78 E 77 5
78 A 75 1
75 A 78 1
78 B 75 2
75 B 78 2
78 C 75 3
75 C 78 3
78 D 75 4
75 D 78 4
78 E 75 5
75 E 78 5
75 A 77 1
77 A 75 1
75 B 77 2
77 B 75 2
75 C 77 3
77 C 75 3
75 D 77 4
77 D 75 4
75 E 77 5
77 E 75 5
79 A 48 1
48 A 79 1
79 B 48 2
48 B 79 2
79 C 48 3
48 C 79 3
79 D 48 4
48 D 79 4
79 E 48 5
48 E 79 5
48 A 81 1
81 A 48 1
48 B 81 2
81 B 48 2
48 C 81 3
81 C 48 3
48 D 81 4
81 D 48 4
48 E 81 5
81 E 48 5
81 A 79 1
79 A 81 1
81 B 79 2
79 B 81 2
81 C 79 3
79 C 81 3
81 D 79 4
79 D 81 4
81 E 79 5
79 E 81 5
73 A 79 1
79 A 73 1
73 B 79 2
79 B 73 2
73 C 79 3
79 C 73 3
73 D 79 4
79 D 73 4
73 E 79 5
79 E 73 5
79 A 80 1
80 A 79 1
79 B 80 2
80 B 79 2
79 C 80 3
80 C 79 3
79 D 80 4
80 D 79 4
79 E 80 5
80 E 79 5
80 A 73 1
73 A 80 1
80 B 73 2
73 B 80 2
80 C 73 3
73 C 80 3
80 D 73 4
73 D 80 4
80 E 73 5
73 E 80 5
80 A 81 1
81 A 80 1
80 B 81 2
81 B 80 2
80 C 81 3
81 C 80 3
80 D 81 4
81 D 80 4
80 E 81 5
81 E 80 5
81 A 74 1
74 A 81 1
81 B 74 2
74 B 81 2
81 C 74 3
74 C 81 3
81 D 74 4
74 D 81 4
81 E 74 5
74 E 81 5
74 A 80 1
80 A 74 1
74 B 80 2
80 B 74 2
74 C 80 3
80 C 74 3
74 D 80 4
80 D 74 4
74 E 80 5
80 E 74 5
82 A 74 1
74 A 82 1
82 B 74 2
74 B 82 2
82 C 74 3
74 C 82 3
82 D 74 4
74 D 82 4
82 E 74 5
74 E 82 5
74 A 84 1
84 A 74 1
74 B 84 2
84 B 74 2
74 C 84 3
84 C 74 3
74 D 84 4
84 D 74 4
74 E 84 5
84 E 74 5
84 A 82 1
82 A 84 1
84 B 82 2
82 B 84 2
84 C 82 3
82 C 84 3
84 D 82 4
82 D 84 4
84 E 82 5
82 E 84 5
75 A 82 1
82 A 75 1
75 B 82 2
82 B 75 2
75 C 82 3
82 C 75 3
75 D 82 4
82 D 75 4
75 E 82 5
82 E 75 5
82 A 83 1
83 A 82 1
82 B 83 2
83 B 82 2
82 C 83 3
83 C 82 3
82 D 83 4
83 D 82 4
82 E 83 5
83 E 82 5
83 A 75 1
75 A 83 1
83 B 75 2
75 B 83 2
83 C 75 3
75 C 83 3
83 D 75 4
75 D 83 4
83 E 75 5
75 E 83 5
83 A 84 1
84 A 83 1
83 B 84 2
84 B 83 2
83 C 84 3
84 C 83 3
83 D 84 4
84 D 83 4
83 E 84 5
84 E 83 5
84 A 5 1
5 A 84 1
84 B 5 2
5 B 84 2
84 C 5 3
5 C 84 3
84 D 5 4
5 D 84 4
84 E 5 5
5 E 84 5
5 A 83 1
83 A 5 1
5 B 83 2
83 B 5 2
5 C 83 3
83 C 5 3
5 D 83 4
83 D 5 4
5 E 83 5
83 E 5 5
91 A 88 1
88 A 91 1
91 B 88 2
88 B 91 2
91 C 88 3
88 C 91 3
91 D 88 4
88 D 91 4
91 E 88 5
88 E 91 5
88 A 93 1
93 A 88 1
88 B 93 2
93 B 88 2
88 C 93 3
93 C 88 3
88 D 93 4
93 D 88 4
88 E 93 5
93 E 88 5
93 A 91 1
91 A 93 1
93 B 91 2
91 B 93 2
93 C 91 3
91 C 93 3
93 D 91 4
91 D 93 4
93 E 91 5
91 E 93 5
85 A 91 1
91 A 85 1
85 B 91 2
91 B 85 2
85 C 91 3
91 C 85 3
85 D 91 4
91 D 85 4
85 E 91 5
91 E 85 5
91 A 92 1
92 A 91 1
91 B 92 2
92 B 91 2
91 C 92 3
92 C 91 3
91 D 92 4
92 D 91 4
91 E 92 5
92 E 91 5
92 A 85 1
85 A 92 1
92 B 85 2
85 B 92 2
92 C 85 3
85 C 92 3
92 D 85 4
85 D 92 4
92 E 85 5
85 E 92 5
92 A 93 1
93 A 92 1
92 B 93 2
93 B 92 2
92 C 93 3
93 C 92 3
92 D 93 4
93 D 92 4
92 E 93 5
93 E 92 5
93 A 90 1
90 A 93 1
93 B 90 2
90 B 93 2
93 C 90 3
90 C 93 3
93 D 90 4
90 D 93 4
93 E 90 5
90 E 93 5
90 A 92 1
92 A 90 1
90 B 92 2
92 B 90 2
90 C 92 3
92 C 90 3
90 D 92 4
92 D 90 4
90 E 92 5
92 E 90 5
94 A 5 1
5 A 94 1
94 B 5 2
5 B 94 2
94 C 5 3
5 C 94 3
94 D 5 4
5 D 94 4
94 E 5 5
5 E 94 5
5 A 96 1
96 A 5 1
5 B 96 2
96 B 5 2
5 C 96 3
96 C 5 3
5 D 96 4
96 D 5 4
5 E 96 5
96 E 5 5
96 A 94 1
94 A 96 1
96 B 94 2
94 B 96 2
96 C 94 3
94 C 96 3
96 D 94 4
94 D 96 4
96 E 94 5
94 E 96 5
88 A 94 1
94 A 88 1
88 B 94 2
94 B 88 2
88 C 94 3
94 C 88 3
88 D 94 4
94 D 88 4
88 E 94 5
94 E 88 5
94 A 95 1
95 A 94 1
94 B 95 2
95 B 94 2
94 C 95 3
95 C 94 3
94 D 95 4
95 D 94 4
94 E 95 5
95 E 94 5
95 A 88 1
88 A 95 1
95 B 88 2
88 B 95 2
95 C 88 3
88 C 95 3
95 D 88 4
88 D 95 4
95 E 88 5
88 E 95 5
95 A 96 1
96 A 95 1
95 B 96 2
96 B 95 2
95 C 96 3
96 C 95 3
95 D 96 4
96 D 95 4
95 E 96 5
96 E 95 5
96 A 89 1
89 A 96 1
96 B 89 2
89 B 96 2
96 C 89 3
89 C 96 3
96 D 89 4
89 D 96 4
96 E 89 5
89 E 96 5
89 A 95 1
95 A 89 1
89 B 95 2
95 B 89 2
89 C 95 3
95 C 89 3
89 D 95 4
95 D 89 4
89 E 95 5
95 E 89 5
97 A 89 1
89 A 97 1
97 B 89 2
89 B 97 2
97 C 89 3
89 C 97 3
97 D 89 4
89 D 97 4
97 E 89 5
89 E 97 5
89 A 99 1
99 A 89 1
89 B 99 2
99 B 89 2
89 C 99 3
99 C 89 3
89 D 99 4
99 D 89 4
89 E 99 5
99 E 89 5
99 A 97 1
97 A 99 1
99 B 97 2
97 B 99 2
99 C 97 3
97 C 99 3
99 D 97 4
97 D 99 4
99 E 97 5
97 E 99 5
90 A 97 1
97 A 90 1
90 B 97 2
97 B 90 2
90 C 97 3
97 C 90 3
90 D 97 4
97 D 90 4
90 E 97 5
97 E 90 5
97 A 98 1
98 A 97 1
97 B 98 2
98 B 97 2
97 C 98 3
98 C 97 3
97 D 98 4
98 D 97 4
97 E 98 5
98 E 97 5
98 A 90 1
90 A 98 1
98 B 90 2
90 B 98 2
98 C 90 3
90 C 98 3
98 D 90 4
90 D 98 4
98 E 90 5
90 E 98 5
98 A 99 1
99 A 98 1
98 B 99 2
99 B 98 2
98 C 99 3
99 C 98 3
98 D 99 4
99 D 98 4
98 E 99 5
99 E 98 5
99 A 87 1
87 A 99 1
99 B 87 2
87 B 99 2
99 C 87 3
87 C 99 3
99 D 87 4
87 D 99 4
99 E 87 5
87 E 99 5
87 A 98 1
98 A 87 1
87 B 98 2
98 B 87 2
87 C 98 3
98 C 87 3
87 D 98 4
98 D 87 4
87 E 98 5
98 E 87 5
103 A 100 1
100 A 103 1
103 B 100 2
100 B 103 2
103 C 100 3
100 C 103 3
103 D 100 4
100 D 103 4
103 E 100 5
100 E 103 5
100 A 105 1
105 A 100 1
100 B 105 2
105 B 100 2
100 C 105 3
105 C 100 3
100 D 105 4
105 D 100 4
100 E 105 5
105 E 100 5
105 A 103 1
103 A 105 1
105 B 103 2
103 B 105 2
105 C 103 3
103 C 105 3
105 D 103 4
103 D 105 4
105 E 103 5
103 E 105 5
6 A 103 1
103 A 6 1
6 B 103 2
103 B 6 2
6 C 103 3
103 C 6 3
6 D 103 4
103 D 6 4
6 E 103 5
103 E 6 5
103 A 104 1
104 A 103 1
103 B 104 2
104 B 103 2
103 C 104 3
104 C 103 3
103 D 104 4
104 D 103 4
103 E 104 5
104 E 103 5
104 A 6 1
6 A 104 1
104 B 6 2
6 B 104 2
104 C 6 3
6 C 104 3
104 D 6 4
6 D 104 4
104 E 6 5
6 E 104 5
104 A 105 1
105 A 104 1
104 B 105 2
105 B 104 2
104 C 105 3
105 C 104 3
104 D 105 4
105 D 104 4
104 E 105 5
105 E 104 5
105 A 102 1
102 A 105 1
105 B 102 2
102 B 105 2
105 C 102 3
102 C 105 3
105 D 102 4
102 D 105 4
105 E 102 5
102 E 105 5
102 A 104 1
104 A 102 1
102 B 104 2
104 B 102 2
102 C 104 3
104 C 102 3
102 D 104 4
104 D 102 4
102 E 104 5
104 E 102 5
106 A 85 1
85 A 106 1
106 B 85 2
85 B 106 2
106 C 85 3
85 C 106 3
106 D 85 4
85 D 106 4
106 E 85 5
85 E 106 5
85 A 108 1
108 A 85 1
85 B 108 2
108 B 85 2
85 C 108 3
108 C 85 3
85 D 108 4
108 D 85 4
85 E 108 5
108 E 85 5
108 A 106 1
106 A 108 1
108 B 106 2
106 B 108 2
108 C 106 3
106 C 108 3
108 D 106 4
106 D 108 4
108 E 106 5
106 E 108 5
100 A 106 1
106 A 100 1
100 B 106 2
106 B 100 2
100 C 106 3
106 C 100 3
100 D 106 4
106 D 100 4
100 E 106 5
106 E 100 5
106 A 107 1
107 A 106 1
106 B 107 2
107 B 106 2
106 C 107 3
107 C 106 3
106 D 107 4
107 D 106 4
106 E 107 5
107 E 106 5
107 A 100 1
100 A 107 1
107 B 100 2
100 B 107 2
107 C 100 3
100 C 107 3
107 D 100 4
100 D 107 4
107 E 100 5
100 E 107 5
107 A 108 1
108 A 107 1
107 B 108 2
108 B 107 2
107 C 108 3
108 C 107 3
107 D 108 4
108 D 107 4
107 E 108 5
108 E 107 5
108 A 101 1
101 A 108 1
108 B 101 2
101 B 108 2
108 C 101 3
101 C 108 3
108 D 101 4
101 D 108 4
108 E 101 5
101 E 108 5
101 A 107 1
107 A 101 1
101 B 107 2
107 B 101 2
101 C 107 3
107 C 101 3
101 D 107 4
107 D 101 4
101 E 107 5
107 E 101 5
109 A 101 1
101 A 109 1
109 B 101 2
101 B 109 2
109 C 101 3
101 C 109 3
109 D 101 4
101 D 109 4
109 E 101 5
101 E 109 5
101 A 111 1
111 A 101 1
101 B 111 2
111 B 101 2
101 C 111 3
111 C 101 3
101 D 111 4
111 D 101 4
101 E 111 5
111 E 101 5
111 A 109 1
109 A 111 1
111 B 109 2
109 B 111 2
111 C 109 3
109 C 111 3
111 D 109 4
109 D 111 4
111 E 109 5
109 E 111 5
102 A 109 1
109 A 102 1
102 B 109 2
109 B 102 2
102 C 109 3
109 C 102 3
102 D 109 4
109 D 102 4
102 E 109 5
109 E 102 5
109 A 110 1
110 A 109 1
109 B 110 2
110 B 109 2
109 C 110 3
110 C 109 3
109 D 110 4
110 D 109 4
109 E 110 5
110 E 109 5
110 A 102 1
102 A 110 1
110 B 102 2
102 B 110 2
110 C 102 3
102 C 110 3
110 D 102 4
102 D 110 4
110 E 102 5
102 E 110 5
110 A 111 1
111 A 110 1
110 B 111 2
111 B 110 2
110 C 111 3
111 C 110 3
110 D 111 4
111 D 110 4
110 E 111 5
111 E 110 5
111 A 86 1
86 A 111 1
111 B 86 2
86 B 111 2
111 C 86 3
86 C 111 3
111 D 86 4
86 D 111 4
111 E 86 5
86 E 111 5
86 A 110 1
110 A 86 1
86 B 110 2
110 B 86 2
86 C 110 3
110 C 86 3
86 D 110 4
110 D 86 4
86 E 110 5
110 E 86 5
115 A 112 1
112 A 115 1
115 B 112 2
112 B 115 2
115 C 112 3
112 C 115 3
115 D 112 4
112 D 115 4
115 E 112 5
112 E 115 5
112 A 117 1
117 A 112 1
112 B 117 2
117 B 112 2
112 C 117 3
117 C 112 3
112 D 117 4
117 D 112 4
112 E 117 5
117 E 112 5
117 A 115 1
115 A 117 1
117 B 115 2
115 B 117 2
117 C 115 3
115 C 117 3
117 D 115 4
115 D 117 4
117 E 115 5
115 E 117 5
86 A 115 1
115 A 86 1
86 B 115 2
115 B 86 2
86 C 115 3
115 C 86 3
86 D 115 4
115 D 86 4
86 E 115 5
115 E 86 5
115 A 116 1
116 A 115 1
115 B 116 2
116 B 115 2
115 C 116 3
116 C 115 3
115 D 116 4
116 D 115 4
115 E 116 5
116 E 115 5
116 A 86 1
86 A 116 1
116 B 86 2
86 B 116 2
116 C 86 3
86 C 116 3
116 D 86 4
86 D 116 4
116 E 86 5
86 E 116 5
116 A 117 1
117 A 116 1
116 B 117 2
117 B 116 2
116 C 117 3
117 C 116 3
116 D 117 4
117 D 116 4
116 E 117 5
117 E 116 5
117 A 114 1
114 A 117 1
117 B 114 2
114 B 117 2
117 C 114 3
114 C 117 3
117 D 114 4
114 D 117 4
117 E 114 5
114 E 117 5
114 A 116 1
116 A 114 1
114 B 116 2
116 B 114 2
114 C 116 3
116 C 114 3
114 D 116 4
116 D 114 4
114 E 116 5
116 E 114 5
118 A 87 1
87 A 118 1
118 B 87 2
87 B 118 2
118 C 87 3
87 C 118 3
118 D 87 4
87 D 118 4
118 E 87 5
87 E 118 5
87 A 120 1
120 A 87 1
87 B 120 2
120 B 87 2
87 C 120 3
120 C 87 3
87 D 120 4
120 D 87 4
87 E 120 5
120 E 87 5
120 A 118 1
118 A 120 1
120 B 118 2
118 B 120 2
120 C 118 3
118 C 120 3
120 D 118 4
118 D 120 4
120 E 118 5
118 E 120 5
112 A 118 1
118 A 112 1
112 B 118 2
118 B 112 2
112 C 118 3
118 C 112 3
112 D 118 4
118 D 112 4
112 E 118 5
118 E 112 5
118 A 119 1
119 A 118 1
118 B 119 2
119 B 118 2
118 C 119 3
119 C 118 3
118 D 119 4
119 D 118 4
118 E 119 5
119 E 118 5
119 A 112 1
112 A 119 1
119 B 112 2
112 B 119 2
119 C 112 3
112 C 119 3
119 D 112 4
112 D 119 4
119 E 112 5
112 E 119 5
119 A 120 1
120 A 119 1
119 B 120 2
120 B 119 2
119 C 120 3
120 C 119 3
119 D 120 4
120 D 119 4
119 E 120 5
120 E 119 5
120 A 113 1
113 A 120 1
120 B 113 2
113 B 120 2
120 C 113 3
113 C 120 3
120 D 113 4
113 D 120 4
120 E 113 5
113 E 120 5
113 A 119 1
119 A 113 1
113 B 119 2
119 B 113 2
113 C 119 3
119 C 113 3
113 D 119 4
119 D 113 4
113 E 119 5
119 E 113 5
121 A 113 1
113 A 121 1
121 B 113 2
113 B 121 2
121 C 113 3
113 C 121 3
121 D 113 4
113 D 121 4
121 E 113 5
113 E 121 5
113 A 123 1
123 A 113 1
113 B 123 2
123 B 113 2
113 C 123 3
123 C 113 3
113 D 123 4
123 D 113 4
113 E 123 5
123 E 113 5
123 A 121 1
121 A 123 1
123 B 121 2
121 B 123 2
123 C 121 3
121 C 123 3
123 D 121 4
121 D 123 4
123 E 121 5
121 E 123 5
114 A 121 1
121 A 114 1
114 B 121 2
121 B 114 2
114 C 121 3
121 C 114 3
114 D 121 4
121 D 114 4
114 E 121 5
121 E 114 5
121 A 122 1
122 A 121 1
121 B 122 2
122 B 121 2
121 C 122 3
122 C 121 3
121 D 122 4
122 D 121 4
121 E 122 5
122 E 121 5
122 A 114 1
114 A 122 1
122 B 114 2
114 B 122 2
122 C 114 3
114 C 122 3
122 D 114 4
114 D 122 4
122 E 114 5
114 E 122 5
122 A 123 1
123 A 122 1
122 B 123 2
123 B 122 2
122 C 123 3
123 C 122 3
122 D 123 4
123 D 122 4
122 E 123 5
123 E 122 5
123 A 3 1
3 A 123 1
123 B 3 2
3 B 123 2
123 C 3 3
3 C 123 3
123 D 3 4
3 D 123 4
123 E 3 5
3 E 123 5
3 A 122 1
122 A 3 1
3 B 122 2
122 B 3 2
3 C 122 3
122 C 3 3
3 D 122 4
122 D 3 4
3 E 122 5
122 E 3 5
