10 A 7 1
7 A 10 1
10 B 7 2
7 B 10 2
10 C 7 3
7 C 10 3
10 D 7 4
7 D 10 4
10 E 7 5
7 E 10 5
7 A 12 1
12 A 7 1
7 B 12 2
12 B 7 2
7 C 12 3
12 C 7 3
7 D 12 4
12 D 7 4
7 E 12 5
12 E 7 5
12 A 10 1
10 A 12 1
12 B 10 2
10 B 12 2
12 C 10 3
10 C 12 3
12 D 10 4
10 D 12 4
12 E 10 5
10 E 12 5
4 A 10 1
10 A 4 1
4 B 10 2
10 B 4 2
4 C 10 3
10 C 4 3
4 D 10 4
10 D 4 4
4 E 10 5
10 E 4 5
10 A 11 1
11 A 10 1
10 B 11 2
11 B 10 2
10 C 11 3
11 C 10 3
10 D 11 4
11 D 10 4
10 E 11 5
11 E 10 5
11 A 4 1
4 A 11 1
11 B 4 2
4 B 11 2
11 C 4 3
4 C 11 3
11 D 4 4
4 D 11 4
11 E 4 5
4 E 11 5
11 A 12 1
12 A 11 1
11 B 12 2
12 B 11 2
11 C 12 3
12 C 11 3
11 D 12 4
12 D 11 4
11 E 12 5
12 E 11 5
12 A 9 1
9 A 12 1
12 B 9 2
9 B 12 2
12 C 9 3
9 C 12 3
12 D 9 4
9 D 12 4
12 E 9 5
9 E 12 5
9 A 11 1
11 A 9 1
9 B 11 2
11 B 9 2
9 C 11 3
11 C 9 3
9 D 11 4
11 D 9 4
9 E 11 5
11 E 9 5
13 A 2 1
2 A 13 1
13 B 2 2
2 B 13 2
13 C 2 3
2 C 13 3
13 D 2 4
2 D 13 4
13 E 2 5
2 E 13 5
2 A 15 1
15 A 2 1
2 B 15 2
15 B 2 2
2 C 15 3
15 C 2 3
2 D 15 4
15 D 2 4
2 E 15 5
15 E 2 5
15 A 13 1
13 A 15 1
15 B 13 2
13 B 15 2
15 C 13 3
13 C 15 3
15 D 13 4
13 D 15 4
15 E 13 5
13 E 15 5
7 A 13 1
13 A 7 1
7 B 13 2
13 B 7 2
7 C 13 3
13 C 7 3
7 D 13 4
13 D 7 4
7 E 13 5
13 E 7 5
13 A 14 1
14 A 13 1
13 B 14 2
14 B 13 2
13 C 14 3
14 C 13 3
13 D 14 4
14 D 13 4
13 E 14 5
14 E 13 5
14 A 7 1
7 A 14 1
14 B 7 2
7 B 14 2
14 C 7 3
7 C 14 3
14 D 7 4
7 D 14 4
14 E 7 5
7 E 14 5
14 A 15 1
15 A 14 1
14 B 15 2
15 B 14 2
14 C 15 3
15 C 14 3
14 D 15 4
15 D 14 4
14 E 15 5
15 E 14 5
15 A 8 1
8 A 15 1
15 B 8 2
8 B 15 2
15 C 8 3
8 C 15 3
15 D 8 4
8 D 15 4
15 E 8 5
8 E 15 5
8 A 14 1
14 A 8 1
8 B 14 2
14 B 8 2
8 C 14 3
14 C 8 3
8 D 14 4
14 D 8 4
8 E 14 5
14 E 8 5
16 A 8 1
8 A 16 1
16 B 8 2
8 B 16 2
16 C 8 3
8 C 16 3
16 D 8 4
8 D 16 4
16 E 8 5
8 E 16 5
8 A 18 1
18 A 8 1
8 B 18 2
18 B 8 2
8 C 18 3
18 C 8 3
8 D 18 4
18 D 8 4
8 E 18 5
18 E 8 5
18 A 16 1
16 A 18 1
18 B 16 2
16 B 18 2
18 C 16 3
16 C 18 3
18 D 16 4
16 D 18 4
18 E 16 5
16 E 18 5
9 A 16 1
16 A 9 1
9 B 16 2
16 B 9 2
9 C 16 3
16 C 9 3
9 D 16 4
16 D 9 4
9 E 16 5
16 E 9 5
16 A 17 1
17 A 16 1
16 B 17 2
17 B 16 2
16 C 17 3
17 C 16 3
16 D 17 4
17 D 16 4
16 E 17 5
17 E 16 5
17 A 9 1
9 A 17 1
17 B 9 2
9 B 17 2
17 C 9 3
9 C 17 3
17 D 9 4
9 D 17 4
17 E 9 5
9 E 17 5
17 A 18 1
18 A 17 1
17 B 18 2
18 B 17 2
17 C 18 3
18 C 17 3
17 D 18 4
18 D 17 4
17 E 18 5
18 E 17 5
18 A 6 1
6 A 18 1
18 B 6 2
6 B 18 2
18 C 6 3
6 C 18 3
18 D 6 4
6 D 18 4
18 E 6 5
6 E 18 5
6 A 17 1
17 A 6 1
6 B 17 2
17 B 6 2
6 C 17 3
17 C 6 3
6 D 17 4
17 D 6 4
6 E 17 5
17 E 6 5
22 A 19 1
19 A 22 1
22 B 19 2
19 B 22 2
22 C 19 3
19 C 22 3
22 D 19 4
19 D 22 4
22 E 19 5
19 E 22 5
19 A 24 1
24 A 19 1
19 B 24 2
24 B 19 2
19 C 24 3
24 C 19 3
19 D 24 4
24 D 19 4
19 E 24 5
24 E 19 5
24 A 22 1
22 A 24 1
24 B 22 2
22 B 24 2
24 C 22 3
22 C 24 3
24 D 22 4
22 D 24 4
24 E 22 5
22 E 24 5
1 A 22 1
22 A 1 1
1 B 22 2
22 B 1 2
1 C 22 3
22 C 1 3
1 D 22 4
22 D 1 4
1 E 22 5
22 E 1 5
22 A 23 1
23 A 22 1
22 B 23 2
23 B 22 2
22 C 23 3
23 C 22 3
22 D 23 4
23 D 22 4
22 E 23 5
23 E 22 5
23 A 1 1
1 A 23 1
23 B 1 2
1 B 23 2
23 C 1 3
1 C 23 3
23 D 1 4
1 D 23 4
23 E 1 5
1 E 23 5
23 A 24 1
24 A 23 1
23 B 24 2
24 B 23 2
23 C 24 3
24 C 23 3
23 D 24 4
24 D 23 4
23 E 24 5
24 E 23 5
24 A 21 1
21 A 24 1
24 B 21 2
21 B 24 2
24 C 21 3
21 C 24 3
24 D 21 4
21 D 24 4
24 E 21 5
21 E 24 5
21 A 23 1
23 A 21 1
21 B 23 2
23 B 21 2
21 C 23 3
23 C 21 3
21 D 23 4
23 D 21 4
21 E 23 5
23 E 21 5
25 A 4 1
4 A 25 1
25 B 4 2
4 B 25 2
25 C 4 3
4 C 25 3
25 D 4 4
4 D 25 4
25 E 4 5
4 E 25 5
4 A 27 1
27 A 4 1
4 B 27 2
27 B 4 2
4 C 27 3
27 C 4 3
4 D 27 4
27 D 4 4
4 E 27 5
27 E 4 5
27 A 25 1
25 A 27 1
27 B 25 2
25 B 27 2
27 C 25 3
25 C 27 3
27 D 25 4
25 D 27 4
27 E 25 5
25 E 27 5
19 A 25 1
25 A 19 1
19 B 25 2
25 B 19 2
19 C 25 3
25 C 19 3
19 D 25 4
25 D 19 4
19 E 25 5
25 E 19 5
25 A 26 1
26 A 25 1
25 B 26 2
26 B 25 2
25 C 26 3
26 C 25 3
25 D 26 4
26 D 25 4
25 E 26 5
26 E 25 5
26 A 19 1
19 A 26 1
26 B 19 2
19 B 26 2
26 C 19 3
19 C 26 3
26 D 19 4
19 D 26 4
26 E 19 5
19 E 26 5
26 A 27 1
27 A 26 1
26 B 27 2
27 B 26 2
26 C 27 3
27 C 26 3
26 D 27 4
27 D 26 4
26 E 27 5
27 E 26 5
27 A 20 1
20 A 27 1
27 B 20 2
20 B 27 2
27 C 20 3
20 C 27 3
27 D 20 4
20 D 27 4
27 E 20 5
20 E 27 5
20 A 26 1
26 A 20 1
20 B 26 2
26 B 20 2
20 C 26 3
26 C 20 3
20 D 26 4
26 D 20 4
20 E 26 5
26 E 20 5
28 A 20 1
20 A 28 1
28 B 20 2
20 B 28 2
28 C 20 3
20 C 28 3
28 D 20 4
20 D 28 4
28 E 20 5
20 E 28 5
20 A 30 1
30 A 20 1
20 B 30 2
30 B 20 2
20 C 30 3
30 C 20 3
20 D 30 4
30 D 20 4
20 E 30 5
30 E 20 5
30 A 28 1
28 A 30 1
30 B 28 2
28 B 30 2
30 C 28 3
28 C 30 3
30 D 28 4
28 D 30 4
30 E 28 5
28 E 30 5
21 A 28 1
28 A 21 1
21 B 28 2
28 B 21 2
21 C 28 3
28 C 21 3
21 D 28 4
28 D 21 4
21 E 28 5
28 E 21 5
28 A 29 1
29 A 28 1
28 B 29 2
29 B 28 2
28 C 29 3
29 C 28 3
28 D 29 4
29 D 28 4
28 E 29 5
29 E 28 5
29 A 21 1
21 A 29 1
29 B 21 2
21 B 29 2
29 C 21 3
21 C 29 3
29 D 21 4
21 D 29 4
29 E 21 5
21 E 29 5
29 A 30 1
30 A 29 1
29 B 30 2
30 B 29 2
29 C 30 3
30 C 29 3
29 D 30 4
30 D 29 4
29 E 30 5
30 E 29 5
30 A 5 1
5 A 30 1
30 B 5 2
5 B 30 2
30 C 5 3
5 C 30 3
30 D 5 4
5 D 30 4
30 E 5 5
5 E 30 5
5 A 29 1
29 A 5 1
5 B 29 2
29 B 5 2
5 C 29 3
29 C 5 3
5 D 29 4
29 D 5 4
5 E 29 5
29 E 5 5
34 A 31 1
31 A 34 1
34 B 31 2
31 B 34 2
34 C 31 3
31 C 34 3
34 D 31 4
31 D 34 4
34 E 31 5
31 E 34 5
31 A 36 1
36 A 31 1
31 B 36 2
36 B 31 2
31 C 36 3
36 C 31 3
31 D 36 4
36 D 31 4
31 E 36 5
36 E 31 5
36 A 34 1
34 A 36 1
36 B 34 2
34 B 36 2
36 C 34 3
34 C 36 3
36 D 34 4
34 D 36 4
36 E 34 5
34 E 36 5
5 A 34 1
34 A 5 1
5 B 34 2
34 B 5 2
5 C 34 3
34 C 5 3
5 D 34 4
34 D 5 4
5 E 34 5
34 E 5 5
34 A 35 1
35 A 34 1
34 B 35 2
35 B 34 2
34 C 35 3
35 C 34 3
34 D 35 4
35 D 34 4
34 E 35 5
35 E 34 5
35 A 5 1
5 A 35 1
35 B 5 2
5 B 35 2
35 C 5 3
5 C 35 3
35 D 5 4
5 D 35 4
35 E 5 5
5 E 35 5
35 A 36 1
36 A 35 1
35 B 36 2
36 B 35 2
35 C 36 3
36 C 35 3
35 D 36 4
36 D 35 4
35 E 36 5
36 E 35 5
36 A 33 1
33 A 36 1
36 B 33 2
33 B 36 2
36 C 33 3
33 C 36 3
36 D 33 4
33 D 36 4
36 E 33 5
33 E 36 5
33 A 35 1
35 A 33 1
33 B 35 2
35 B 33 2
33 C 35 3
35 C 33 3
33 D 35 4
35 D 33 4
33 E 35 5
35 E 33 5
37 A 6 1
6 A 37 1
37 B 6 2
6 B 37 2
37 C 6 3
6 C 37 3
37 D 6 4
6 D 37 4
37 E 6 5
6 E 37 5
6 A 39 1
39 A 6 1
6 B 39 2
39 B 6 2
6 C 39 3
39 C 6 3
6 D 39 4
39 D 6 4
6 E 39 5
39 E 6 5
39 A 37 1
37 A 39 1
39 B 37 2
37 B 39 2
39 C 37 3
37 C 39 3
39 D 37 4
37 D 39 4
39 E 37 5
37 E 39 5
31 A 37 1
37 A 31 1
31 B 37 2
37 B 31 2
31 C 37 3
37 C 31 3
31 D 37 4
37 D 31 4
31 E 37 5
37 E 31 5
37 A 38 1
38 A 37 1
37 B 38 2
38 B 37 2
37 C 38 3
38 C 37 3
37 D 38 4
38 D 37 4
37 E 38 5
38 E 37 5
38 A 31 1
31 A 38 1
38 B 31 2
31 B 38 2
38 C 31 3
31 C 38 3
38 D 31 4
31 D 38 4
38 E 31 5
31 E 38 5
38 A 39 1
39 A 38 1
38 B 39 2
39 B 38 2
38 C 39 3
39 C 38 3
38 D 39 4
39 D 38 4
38 E 39 5
39 E 38 5
39 A 32 1
32 A 39 1
39 B 32 2
32 B 39 2
39 C 32 3
32 C 39 3
39 D 32 4
32 D 39 4
39 E 32 5
32 E 39 5
32 A 38 1
38 A 32 1
32 B 38 2
38 B 32 2
32 C 38 3
38 C 32 3
32 D 38 4
38 D 32 4
32 E 38 5
38 E 32 5
40 A 32 1
32 A 40 1
40 B 32 2
32 B 40 2
40 C 32 3
32 C 40 3
40 D 32 4
32 D 40 4
40 E 32 5
32 E 40 5
32 A 42 1
42 A 32 1
32 B 42 2
42 B 32 2
32 C 42 3
42 C 32 3
32 D 42 4
42 D 32 4
32 E 42 5
42 E 32 5
42 A 40 1
40 A 42 1
42 B 40 2
40 B 42 2
42 C 40 3
40 C 42 3
42 D 40 4
40 D 42 4
42 E 40 5
40 E 42 5
33 A 40 1
40 A 33 1
33 B 40 2
40 B 33 2
33 C 40 3
40 C 33 3
33 D 40 4
40 D 33 4
33 E 40 5
40 E 33 5
40 A 41 1
41 A 40 1
40 B 41 2
41 B 40 2
40 C 41 3
41 C 40 3
40 D 41 4
41 D 40 4
40 E 41 5
41 E 40 5
41 A 33 1
33 A 41 1
41 B 33 2
33 B 41 2
41 C 33 3
33 C 41 3
41 D 33 4
33 D 41 4
41 E 33 5
33 E 41 5
41 A 42 1
42 A 41 1
41 B 42 2
42 B 41 2
41 C 42 3
42 C 41 3
41 D 42 4
42 D 41 4
41 E 42 5
42 E 41 5
42 A 3 1
3 A 42 1
42 B 3 2
3 B 42 2
42 C 3 3
3 C 42 3
42 D 3 4
3 D 42 4
42 E 3 5
3 E 42 5
3 A 41 1
41 A 3 1
3 B 41 2
41 B 3 2
3 C 41 3
41 C 3 3
3 D 41 4
41 D 3 4
3 E 41 5
41 E 3 5
