16 A 13 1
13 A 16 1
16 B 13 2
13 B 16 2
16 C 13 3
13 C 16 3
16 D 13 4
13 D 16 4
16 E 13 5
13 E 16 5
13 A 18 1
18 A 13 1
13 B 18 2
18 B 13 2
13 C 18 3
18 C 13 3
13 D 18 4
18 D 13 4
13 E 18 5
18 E 13 5
18 A 16 1
16 A 18 1
18 B 16 2
16 B 18 2
18 C 16 3
16 C 18 3
18 D 16 4
16 D 18 4
18 E 16 5
16 E 18 5
10 A 16 1
16 A 10 1
10 B 16 2
16 B 10 2
10 C 16 3
16 C 10 3
10 D 16 4
16 D 10 4
10 E 16 5
16 E 10 5
16 A 17 1
17 A 16 1
16 B 17 2
17 B 16 2
16 C 17 3
17 C 16 3
16 D 17 4
17 D 16 4
16 E 17 5
17 E 16 5
17 A 10 1
10 A 17 1
17 B 10 2
10 B 17 2
17 C 10 3
10 C 17 3
17 D 10 4
10 D 17 4
17 E 10 5
10 E 17 5
17 A 18 1
18 A 17 1
17 B 18 2
18 B 17 2
17 C 18 3
18 C 17 3
17 D 18 4
18 D 17 4
17 E 18 5
18 E 17 5
18 A 15 1
15 A 18 1
18 B 15 2
15 B 18 2
18 C 15 3
15 C 18 3
18 D 15 4
15 D 18 4
18 E 15 5
15 E 18 5
15 A 17 1
17 A 15 1
15 B 17 2
17 B 15 2
15 C 17 3
17 C 15 3
15 D 17 4
17 D 15 4
15 E 17 5
17 E 15 5
19 A 7 1
7 A 19 1
19 B 7 2
7 B 19 2
19 C 7 3
7 C 19 3
19 D 7 4
7 D 19 4
19 E 7 5
7 E 19 5
7 A 21 1
21 A 7 1
7 B 21 2
21 B 7 2
7 C 21 3
21 C 7 3
7 D 21 4
21 D 7 4
7 E 21 5
21 E 7 5
21 A 19 1
19 A 21 1
21 B 19 2
19 B 21 2
21 C 19 3
19 C 21 3
21 D 19 4
19 D 21 4
21 E 19 5
19 E 21 5
13 A 19 1
19 A 13 1
13 B 19 2
19 B 13 2
13 C 19 3
19 C 13 3
13 D 19 4
19 D 13 4
13 E 19 5
19 E 13 5
19 A 20 1
20 A 19 1
19 B 20 2
20 B 19 2
19 C 20 3
20 C 19 3
19 D 20 4
20 D 19 4
19 E 20 5
20 E 19 5
20 A 13 1
13 A 20 1
20 B 13 2
13 B 20 2
20 C 13 3
13 C 20 3
20 D 13 4
13 D 20 4
20 E 13 5
13 E 20 5
20 A 21 1
21 A 20 1
20 B 21 2
21 B 20 2
20 C 21 3
21 C 20 3
20 D 21 4
21 D 20 4
20 E 21 5
21 E 20 5
21 A 14 1
14 A 21 1
21 B 14 2
14 B 21 2
21 C 14 3
14 C 21 3
21 D 14 4
14 D 21 4
21 E 14 5
14 E 21 5
14 A 20 1
20 A 14 1
14 B 20 2
20 B 14 2
14 C 20 3
20 C 14 3
14 D 20 4
20 D 14 4
14 E 20 5
20 E 14 5
22 A 14 1
14 A 22 1
22 B 14 2
14 B 22 2
22 C 14 3
14 C 22 3
22 D 14 4
14 D 22 4
22 E 14 5
14 E 22 5
14 A 24 1
24 A 14 1
14 B 24 2
24 B 14 2
14 C 24 3
24 C 14 3
14 D 24 4
24 D 14 4
14 E 24 5
24 E 14 5
24 A 22 1
22 A 24 1
24 B 22 2
22 B 24 2
24 C 22 3
22 C 24 3
24 D 22 4
22 D 24 4
24 E 22 5
22 E 24 5
15 A 22 1
22 A 15 1
15 B 22 2
22 B 15 2
15 C 22 3
22 C 15 3
15 D 22 4
22 D 15 4
15 E 22 5
22 E 15 5
22 A 23 1
23 A 22 1
22 B 23 2
23 B 22 2
22 C 23 3
23 C 22 3
22 D 23 4
23 D 22 4
22 E 23 5
23 E 22 5
23 A 15 1
15 A 23 1
23 B 15 2
15 B 23 2
23 C 15 3
15 C 23 3
23 D 15 4
15 D 23 4
23 E 15 5
15 E 23 5
23 A 24 1
24 A 23 1
23 B 24 2
24 B 23 2
23 C 24 3
24 C 23 3
23 D 24 4
24 D 23 4
23 E 24 5
24 E 23 5
24 A 12 1
12 A 24 1
24 B 12 2
12 B 24 2
24 C 12 3
12 C 24 3
24 D 12 4
12 D 24 4
24 E 12 5
12 E 24 5
12 A 23 1
23 A 12 1
12 B 23 2
23 B 12 2
12 C 23 3
23 C 12 3
12 D 23 4
23 D 12 4
12 E 23 5
23 E 12 5
28 A 25 1
25 A 28 1
28 B 25 2
25 B 28 2
28 C 25 3
25 C 28 3
28 D 25 4
25 D 28 4
28 E 25 5
25 E 28 5
25 A 30 1
30 A 25 1
25 B 30 2
30 B 25 2
25 C 30 3
30 C 25 3
25 D 30 4
30 D 25 4
25 E 30 5
30 E 25 5
30 A 28 1
28 A 30 1
30 B 28 2
28 B 30 2
30 C 28 3
28 C 30 3
30 D 28 4
28 D 30 4
30 E 28 5
28 E 30 5
4 A 28 1
28 A 4 1
4 B 28 2
28 B 4 2
4 C 28 3
28 C 4 3
4 D 28 4
28 D 4 4
4 E 28 5
28 E 4 5
28 A 29 1
29 A 28 1
28 B 29 2
29 B 28 2
28 C 29 3
29 C 28 3
28 D 29 4
29 D 28 4
28 E 29 5
29 E 28 5
29 A 4 1
4 A 29 1
29 B 4 2
4 B 29 2
29 C 4 3
4 C 29 3
29 D 4 4
4 D 29 4
29 E 4 5
4 E 29 5
29 A 30 1
30 A 29 1
29 B 30 2
30 B 29 2
29 C 30 3
30 C 29 3
29 D 30 4
30 D 29 4
29 E 30 5
30 E 29 5
30 A 27 1
27 A 30 1
30 B 27 2
27 B 30 2
30 C 27 3
27 C 30 3
30 D 27 4
27 D 30 4
30 E 27 5
27 E 30 5
27 A 29 1
29 A 27 1
27 B 29 2
29 B 27 2
27 C 29 3
29 C 27 3
27 D 29 4
29 D 27 4
27 E 29 5
29 E 27 5
31 A 10 1
10 A 31 1
31 B 10 2
10 B 31 2
31 C 10 3
10 C 31 3
31 D 10 4
10 D 31 4
31 E 10 5
10 E 31 5
10 A 33 1
33 A 10 1
10 B 33 2
33 B 10 2
10 C 33 3
33 C 10 3
10 D 33 4
33 D 10 4
10 E 33 5
33 E 10 5
33 A 31 1
31 A 33 1
33 B 31 2
31 B 33 2
33 C 31 3
31 C 33 3
33 D 31 4
31 D 33 4
33 E 31 5
31 E 33 5
25 A 31 1
31 A 25 1
25 B 31 2
31 B 25 2
25 C 31 3
31 C 25 3
25 D 31 4
31 D 25 4
25 E 31 5
31 E 25 5
31 A 32 1
32 A 31 1
31 B 32 2
32 B 31 2
31 C 32 3
32 C 31 3
31 D 32 4
32 D 31 4
31 E 32 5
32 E 31 5
32 A 25 1
25 A 32 1
32 B 25 2
25 B 32 2
32 C 25 3
25 C 32 3
32 D 25 4
25 D 32 4
32 E 25 5
25 E 32 5
32 A 33 1
33 A 32 1
32 B 33 2
33 B 32 2
32 C 33 3
33 C 32 3
32 D 33 4
33 D 32 4
32 E 33 5
33 E 32 5
33 A 26 1
26 A 33 1
33 B 26 2
26 B 33 2
33 C 26 3
26 C 33 3
33 D 26 4
26 D 33 4
33 E 26 5
26 E 33 5
26 A 32 1
32 A 26 1
26 B 32 2
32 B 26 2
26 C 32 3
32 C 26 3
26 D 32 4
32 D 26 4
26 E 32 5
32 E 26 5
34 A 26 1
26 A 34 1
34 B 26 2
26 B 34 2
34 C 26 3
26 C 34 3
34 D 26 4
26 D 34 4
34 E 26 5
26 E 34 5
26 A 36 1
36 A 26 1
26 B 36 2
36 B 26 2
26 C 36 3
36 C 26 3
26 D 36 4
36 D 26 4
26 E 36 5
36 E 26 5
36 A 34 1
34 A 36 1
36 B 34 2
34 B 36 2
36 C 34 3
34 C 36 3
36 D 34 4
34 D 36 4
36 E 34 5
34 E 36 5
27 A 34 1
34 A 27 1
27 B 34 2
34 B 27 2
27 C 34 3
34 C 27 3
27 D 34 4
34 D 27 4
27 E 34 5
34 E 27 5
34 A 35 1
35 A 34 1
34 B 35 2
35 B 34 2
34 C 35 3
35 C 34 3
34 D 35 4
35 D 34 4
34 E 35 5
35 E 34 5
35 A 27 1
27 A 35 1
35 B 27 2
27 B 35 2
35 C 27 3
27 C 35 3
35 D 27 4
27 D 35 4
35 E 27 5
27 E 35 5
35 A 36 1
36 A 35 1
35 B 36 2
36 B 35 2
35 C 36 3
36 C 35 3
35 D 36 4
36 D 35 4
35 E 36 5
36 E 35 5
36 A 11 1
11 A 36 1
36 B 11 2
11 B 36 2
36 C 11 3
11 C 36 3
36 D 11 4
11 D 36 4
36 E 11 5
11 E 36 5
11 A 35 1
35 A 11 1
11 B 35 2
35 B 11 2
11 C 35 3
35 C 11 3
11 D 35 4
35 D 11 4
11 E 35 5
35 E 11 5
40 A 37 1
37 A 40 1
40 B 37 2
37 B 40 2
40 C 37 3
37 C 40 3
40 D 37 4
37 D 40 4
40 E 37 5
37 E 40 5
37 A 42 1
42 A 37 1
37 B 42 2
42 B 37 2
37 C 42 3
42 C 37 3
37 D 42 4
42 D 37 4
37 E 42 5
42 E 37 5
42 A 40 1
40 A 42 1
42 B 40 2
40 B 42 2
42 C 40 3
40 C 42 3
42 D 40 4
40 D 42 4
42 E 40 5
40 E 42 5
11 A 40 1
40 A 11 1
11 B 40 2
40 B 11 2
11 C 40 3
40 C 11 3
11 D 40 4
40 D 11 4
11 E 40 5
40 E 11 5
40 A 41 1
41 A 40 1
40 B 41 2
41 B 40 2
40 C 41 3
41 C 40 3
40 D 41 4
41 D 40 4
40 E 41 5
41 E 40 5
41 A 11 1
11 A 41 1
41 B 11 2
11 B 41 2
41 C 11 3
11 C 41 3
41 D 11 4
11 D 41 4
41 E 11 5
11 E 41 5
41 A 42 1
42 A 41 1
41 B 42 2
42 B 41 2
41 C 42 3
42 C 41 3
41 D 42 4
42 D 41 4
41 E 42 5
42 E 41 5
42 A 39 1
39 A 42 1
42 B 39 2
39 B 42 2
42 C 39 3
39 C 42 3
42 D 39 4
39 D 42 4
42 E 39 5
39 E 42 5
39 A 41 1
41 A 39 1
39 B 41 2
41 B 39 2
39 C 41 3
41 C 39 3
39 D 41 4
41 D 39 4
39 E 41 5
41 E 39 5
43 A 12 1
12 A 43 1
43 B 12 2
12 B 43 2
43 C 12 3
12 C 43 3
43 D 12 4
12 D 43 4
43 E 12 5
12 E 43 5
12 A 45 1
45 A 12 1
12 B 45 2
45 B 12 2
12 C 45 3
45 C 12 3
12 D 45 4
45 D 12 4
12 E 45 5
45 E 12 5
45 A 43 1
43 A 45 1
45 B 43 2
43 B 45 2
45 C 43 3
43 C 45 3
45 D 43 4
43 D 45 4
45 E 43 5
43 E 45 5
37 A 43 1
43 A 37 1
37 B 43 2
43 B 37 2
37 C 43 3
43 C 37 3
37 D 43 4
43 D 37 4
37 E 43 5
43 E 37 5
43 A 44 1
44 A 43 1
43 B 44 2
44 B 43 2
43 C 44 3
44 C 43 3
43 D 44 4
44 D 43 4
43 E 44 5
44 E 43 5
44 A 37 1
37 A 44 1
44 B 37 2
37 B 44 2
44 C 37 3
37 C 44 3
44 D 37 4
37 D 44 4
44 E 37 5
37 E 44 5
44 A 45 1
45 A 44 1
44 B 45 2
45 B 44 2
44 C 45 3
45 C 44 3
44 D 45 4
45 D 44 4
44 E 45 5
45 E 44 5
45 A 38 1
38 A 45 1
45 B 38 2
38 B 45 2
45 C 38 3
38 C 45 3
45 D 38 4
38 D 45 4
45 E 38 5
38 E 45 5
38 A 44 1
44 A 38 1
38 B 44 2
44 B 38 2
38 C 44 3
44 C 38 3
38 D 44 4
44 D 38 4
38 E 44 5
44 E 38 5
46 A 38 1
38 A 46 1
46 B 38 2
38 B 46 2
46 C 38 3
38 C 46 3
46 D 38 4
38 D 46 4
46 E 38 5
38 E 46 5
38 A 48 1
48 A 38 1
38 B 48 2
48 B 38 2
38 C 48 3
48 C 38 3
38 D 48 4
48 D 38 4
38 E 48 5
48 E 38 5
48 A 46 1
46 A 48 1
48 B 46 2
46 B 48 2
48 C 46 3
46 C 48 3
48 D 46 4
46 D 48 4
48 E 46 5
46 E 48 5
39 A 46 1
46 A 39 1
39 B 46 2
46 B 39 2
39 C 46 3
46 C 39 3
39 D 46 4
46 D 39 4
39 E 46 5
46 E 39 5
46 A 47 1
47 A 46 1
46 B 47 2
47 B 46 2
46 C 47 3
47 C 46 3
46 D 47 4
47 D 46 4
46 E 47 5
47 E 46 5
47 A 39 1
39 A 47 1
47 B 39 2
39 B 47 2
47 C 39 3
39 C 47 3
47 D 39 4
39 D 47 4
47 E 39 5
39 E 47 5
47 A 48 1
48 A 47 1
47 B 48 2
48 B 47 2
47 C 48 3
48 C 47 3
47 D 48 4
48 D 47 4
47 E 48 5
48 E 47 5
48 A 9 1
9 A 48 1
48 B 9 2
9 B 48 2
48 C 9 3
9 C 48 3
48 D 9 4
9 D 48 4
48 E 9 5
9 E 48 5
9 A 47 1
47 A 9 1
9 B 47 2
47 B 9 2
9 C 47 3
47 C 9 3
9 D 47 4
47 D 9 4
9 E 47 5
47 E 9 5
55 A 52 1
52 A 55 1
55 B 52 2
52 B 55 2
55 C 52 3
52 C 55 3
55 D 52 4
52 D 55 4
55 E 52 5
52 E 55 5
52 A 57 1
57 A 52 1
52 B 57 2
57 B 52 2
52 C 57 3
57 C 52 3
52 D 57 4
57 D 52 4
52 E 57 5
57 E 52 5
57 A 55 1
55 A 57 1
57 B 55 2
55 B 57 2
57 C 55 3
55 C 57 3
57 D 55 4
55 D 57 4
57 E 55 5
55 E 57 5
49 A 55 1
55 A 49 1
49 B 55 2
55 B 49 2
49 C 55 3
55 C 49 3
49 D 55 4
55 D 49 4
49 E 55 5
55 E 49 5
55 A 56 1
56 A 55 1
55 B 56 2
56 B 55 2
55 C 56 3
56 C 55 3
55 D 56 4
56 D 55 4
55 E 56 5
56 E 55 5
56 A 49 1
49 A 56 1
56 B 49 2
49 B 56 2
56 C 49 3
49 C 56 3
56 D 49 4
49 D 56 4
56 E 49 5
49 E 56 5
56 A 57 1
57 A 56 1
56 B 57 2
57 B 56 2
56 C 57 3
57 C 56 3
56 D 57 4
57 D 56 4
56 E 57 5
57 E 56 5
57 A 54 1
54 A 57 1
57 B 54 2
54 B 57 2
57 C 54 3
54 C 57 3
57 D 54 4
54 D 57 4
57 E 54 5
54 E 57 5
54 A 56 1
56 A 54 1
54 B 56 2
56 B 54 2
54 C 56 3
56 C 54 3
54 D 56 4
56 D 54 4
54 E 56 5
56 E 54 5
58 A 2 1
2 A 58 1
58 B 2 2
2 B 58 2
58 C 2 3
2 C 58 3
58 D 2 4
2 D 58 4
58 E 2 5
2 E 58 5
2 A 60 1
60 A 2 1
2 B 60 2
60 B 2 2
2 C 60 3
60 C 2 3
2 D 60 4
60 D 2 4
2 E 60 5
60 E 2 5
60 A 58 1
58 A 60 1
60 B 58 2
58 B 60 2
60 C 58 3
58 C 60 3
60 D 58 4
58 D 60 4
60 E 58 5
58 E 60 5
52 A 58 1
58 A 52 1
52 B 58 2
58 B 52 2
52 C 58 3
58 C 52 3
52 D 58 4
58 D 52 4
52 E 58 5
58 E 52 5
58 A 59 1
59 A 58 1
58 B 59 2
59 B 58 2
58 C 59 3
59 C 58 3
58 D 59 4
59 D 58 4
58 E 59 5
59 E 58 5
59 A 52 1
52 A 59 1
59 B 52 2
52 B 59 2
59 C 52 3
52 C 59 3
59 D 52 4
52 D 59 4
59 E 52 5
52 E 59 5
59 A 60 1
60 A 59 1
59 B 60 2
60 B 59 2
59 C 60 3
60 C 59 3
59 D 60 4
60 D 59 4
59 E 60 5
60 E 59 5
60 A 53 1
53 A 60 1
60 B 53 2
53 B 60 2
60 C 53 3
53 C 60 3
60 D 53 4
53 D 60 4
60 E 53 5
53 E 60 5
53 A 59 1
59 A 53 1
53 B 59 2
59 B 53 2
53 C 59 3
59 C 53 3
53 D 59 4
59 D 53 4
53 E 59 5
59 E 53 5
61 A 53 1
53 A 61 1
61 B 53 2
53 B 61 2
61 C 53 3
53 C 61 3
61 D 53 4
53 D 61 4
61 E 53 5
53 E 61 5
53 A 63 1
63 A 53 1
53 B 63 2
63 B 53 2
53 C 63 3
63 C 53 3
53 D 63 4
63 D 53 4
53 E 63 5
63 E 53 5
63 A 61 1
61 A 63 1
63 B 61 2
61 B 63 2
63 C 61 3
61 C 63 3
63 D 61 4
61 D 63 4
63 E 61 5
61 E 63 5
54 A 61 1
61 A 54 1
54 B 61 2
61 B 54 2
54 C 61 3
61 C 54 3
54 D 61 4
61 D 54 4
54 E 61 5
61 E 54 5
61 A 62 1
62 A 61 1
61 B 62 2
62 B 61 2
61 C 62 3
62 C 61 3
61 D 62 4
62 D 61 4
61 E 62 5
62 E 61 5
62 A 54 1
54 A 62 1
62 B 54 2
54 B 62 2
62 C 54 3
54 C 62 3
62 D 54 4
54 D 62 4
62 E 54 5
54 E 62 5
62 A 63 1
63 A 62 1
62 B 63 2
63 B 62 2
62 C 63 3
63 C 62 3
62 D 63 4
63 D 62 4
62 E 63 5
63 E 62 5
63 A 51 1
51 A 63 1
63 B 51 2
51 B 63 2
63 C 51 3
51 C 63 3
63 D 51 4
51 D 63 4
63 E 51 5
51 E 63 5
51 A 62 1
62 A 51 1
51 B 62 2
62 B 51 2
51 C 62 3
62 C 51 3
51 D 62 4
62 D 51 4
51 E 62 5
62 E 51 5
67 A 64 1
64 A 67 1
67 B 64 2
64 B 67 2
67 C 64 3
64 C 67 3
67 D 64 4
64 D 67 4
67 E 64 5
64 E 67 5
64 A 69 1
69 A 64 1
64 B 69 2
69 B 64 2
64 C 69 3
69 C 64 3
64 D 69 4
69 D 64 4
64 E 69 5
69 E 64 5
69 A 67 1
67 A 69 1
69 B 67 2
67 B 69 2
69 C 67 3
67 C 69 3
69 D 67 4
67 D 69 4
69 E 67 5
67 E 69 5
7 A 67 1
67 A 7 1
7 B 67 2
67 B 7 2
7 C 67 3
67 C 7 3
7 D 67 4
67 D 7 4
7 E 67 5
67 E 7 5
67 A 68 1
68 A 67 1
67 B 68 2
68 B 67 2
67 C 68 3
68 C 67 3
67 D 68 4
68 D 67 4
67 E 68 5
68 E 67 5
68 A 7 1
7 A 68 1
68 B 7 2
7 B 68 2
68 C 7 3
7 C 68 3
68 D 7 4
7 D 68 4
68 E 7 5
7 E 68 5
68 A 69 1
69 A 68 1
68 B 69 2
69 B 68 2
68 C 69 3
69 C 68 3
68 D 69 4
69 D 68 4
68 E 69 5
69 E 68 5
69 A 66 1
66 A 69 1
69 B 66 2
66 B 69 2
69 C 66 3
66 C 69 3
69 D 66 4
66 D 69 4
69 E 66 5
66 E 69 5
66 A 68 1
68 A 66 1
66 B 68 2
68 B 66 2
66 C 68 3
68 C 66 3
66 D 68 4
68 D 66 4
66 E 68 5
68 E 66 5
70 A 49 1
49 A 70 1
70 B 49 2
49 B 70 2
70 C 49 3
49 C 70 3
70 D 49 4
49 D 70 4
70 E 49 5
49 E 70 5
49 A 72 1
72 A 49 1
49 B 72 2
72 B 49 2
49 C 72 3
72 C 49 3
49 D 72 4
72 D 49 4
49 E 72 5
72 E 49 5
72 A 70 1
70 A 72 1
72 B 70 2
70 B 72 2
72 C 70 3
70 C 72 3
72 D 70 4
70 D 72 4
72 E 70 5
70 E 72 5
64 A 70 1
70 A 64 1
64 B 70 2
70 B 64 2
64 C 70 3
70 C 64 3
64 D 70 4
70 D 64 4
64 E 70 5
70 E 64 5
70 A 71 1
71 A 70 1
70 B 71 2
71 B 70 2
70 C 71 3
71 C 70 3
70 D 71 4
71 D 70 4
70 E 71 5
71 E 70 5
71 A 64 1
64 A 71 1
71 B 64 2
64 B 71 2
71 C 64 3
64 C 71 3
71 D 64 4
64 D 71 4
71 E 64 5
64 E 71 5
71 A 72 1
72 A 71 1
71 B 72 2
72 B 71 2
71 C 72 3
72 C 71 3
71 D 72 4
72 D 71 4
71 E 72 5
72 E 71 5
72 A 65 1
65 A 72 1
72 B 65 2
65 B 72 2
72 C 65 3
65 C 72 3
72 D 65 4
65 D 72 4
72 E 65 5
65 E 72 5
65 A 71 1
71 A 65 1
65 B 71 2
71 B 65 2
65 C 71 3
71 C 65 3
65 D 71 4
71 D 65 4
65 E 71 5
71 E 65 5
73 A 65 1
65 A 73 1
73 B 65 2
65 B 73 2
73 C 65 3
65 C 73 3
73 D 65 4
65 D 73 4
73 E 65 5
65 E 73 5
65 A 75 1
75 A 65 1
65 B 75 2
75 B 65 2
65 C 75 3
75 C 65 3
65 D 75 4
75 D 65 4
65 E 75 5
75 E 65 5
75 A 73 1
73 A 75 1
75 B 73 2
73 B 75 2
75 C 73 3
73 C 75 3
75 D 73 4
73 D 75 4
75 E 73 5
73 E 75 5
66 A 73 1
73 A 66 1
66 B 73 2
73 B 66 2
66 C 73 3
73 C 66 3
66 D 73 4
73 D 66 4
66 E 73 5
73 E 66 5
73 A 74 1
74 A 73 1
73 B 74 2
74 B 73 2
73 C 74 3
74 C 73 3
73 D 74 4
74 D 73 4
73 E 74 5
74 E 73 5
74 A 66 1
66 A 74 1
74 B 66 2
66 B 74 2
74 C 66 3
66 C 74 3
74 D 66 4
66 D 74 4
74 E 66 5
66 E 74 5
74 A 75 1
75 A 74 1
74 B 75 2
75 B 74 2
74 C 75 3
75 C 74 3
74 D 75 4
75 D 74 4
74 E 75 5
75 E 74 5
75 A 50 1
50 A 75 1
75 B 50 2
50 B 75 2
75 C 50 3
50 C 75 3
75 D 50 4
50 D 75 4
75 E 50 5
50 E 75 5
50 A 74 1
74 A 50 1
50 B 74 2
74 B 50 2
50 C 74 3
74 C 50 3
50 D 74 4
74 D 50 4
50 E 74 5
74 E 50 5
79 A 76 1
76 A 79 1
79 B 76 2
76 B 79 2
79 C 76 3
76 C 79 3
79 D 76 4
76 D 79 4
79 E 76 5
76 E 79 5
76 A 81 1
81 A 76 1
76 B 81 2
81 B 76 2
76 C 81 3
81 C 76 3
76 D 81 4
81 D 76 4
76 E 81 5
81 E 76 5
81 A 79 1
79 A 81 1
81 B 79 2
79 B 81 2
81 C 79 3
79 C 81 3
81 D 79 4
79 D 81 4
81 E 79 5
79 E 81 5
50 A 79 1
79 A 50 1
50 B 79 2
79 B 50 2
50 C 79 3
79 C 50 3
50 D 79 4
79 D 50 4
50 E 79 5
79 E 50 5
79 A 80 1
80 A 79 1
79 B 80 2
80 B 79 2
79 C 80 3
80 C 79 3
79 D 80 4
80 D 79 4
79 E 80 5
80 E 79 5
80 A 50 1
50 A 80 1
80 B 50 2
50 B 80 2
80 C 50 3
50 C 80 3
80 D 50 4
50 D 80 4
80 E 50 5
50 E 80 5
80 A 81 1
81 A 80 1
80 B 81 2
81 B 80 2
80 C 81 3
81 C 80 3
80 D 81 4
81 D 80 4
80 E 81 5
81 E 80 5
81 A 78 1
78 A 81 1
81 B 78 2
78 B 81 2
81 C 78 3
78 C 81 3
81 D 78 4
78 D 81 4
81 E 78 5
78 E 81 5
78 A 80 1
80 A 78 1
78 B 80 2
80 B 78 2
78 C 80 3
80 C 78 3
78 D 80 4
80 D 78 4
78 E 80 5
80 E 78 5
82 A 51 1
51 A 82 1
82 B 51 2
51 B 82 2
82 C 51 3
51 C 82 3
82 D 51 4
51 D 82 4
82 E 51 5
51 E 82 5
51 A 84 1
84 A 51 1
51 B 84 2
84 B 51 2
51 C 84 3
84 C 51 3
51 D 84 4
84 D 51 4
51 E 84 5
84 E 51 5
84 A 82 1
82 A 84 1
84 B 82 2
82 B 84 2
84 C 82 3
82 C 84 3
84 D 82 4
82 D 84 4
84 E 82 5
82 E 84 5
76 A 82 1
82 A 76 1
76 B 82 2
82 B 76 2
76 C 82 3
82 C 76 3
76 D 82 4
82 D 76 4
76 E 82 5
82 E 76 5
82 A 83 1
83 A 82 1
82 B 83 2
83 B 82 2
82 C 83 3
83 C 82 3
82 D 83 4
83 D 82 4
82 E 83 5
83 E 82 5
83 A 76 1
76 A 83 1
83 B 76 2
76 B 83 2
83 C 76 3
76 C 83 3
83 D 76 4
76 D 83 4
83 E 76 5
76 E 83 5
83 A 84 1
84 A 83 1
83 B 84 2
84 B 83 2
83 C 84 3
84 C 83 3
83 D 84 4
84 D 83 4
83 E 84 5
84 E 83 5
84 A 77 1
77 A 84 1
84 B 77 2
77 B 84 2
84 C 77 3
77 C 84 3
84 D 77 4
77 D 84 4
84 E 77 5
77 E 84 5
77 A 83 1
83 A 77 1
77 B 83 2
83 B 77 2
77 C 83 3
83 C 77 3
77 D 83 4
83 D 77 4
77 E 83 5
83 E 77 5
85 A 77 1
77 A 85 1
85 B 77 2
77 B 85 2
85 C 77 3
77 C 85 3
85 D 77 4
77 D 85 4
85 E 77 5
77 E 85 5
77 A 87 1
87 A 77 1
77 B 87 2
87 B 77 2
77 C 87 3
87 C 77 3
77 D 87 4
87 D 77 4
77 E 87 5
87 E 77 5
87 A 85 1
85 A 87 1
87 B 85 2
85 B 87 2
87 C 85 3
85 C 87 3
87 D 85 4
85 D 87 4
87 E 85 5
85 E 87 5
78 A 85 1
85 A 78 1
78 B 85 2
85 B 78 2
78 C 85 3
85 C 78 3
78 D 85 4
85 D 78 4
78 E 85 5
85 E 78 5
85 A 86 1
86 A 85 1
85 B 86 2
86 B 85 2
85 C 86 3
86 C 85 3
85 D 86 4
86 D 85 4
85 E 86 5
86 E 85 5
86 A 78 1
78 A 86 1
86 B 78 2
78 B 86 2
86 C 78 3
78 C 86 3
86 D 78 4
78 D 86 4
86 E 78 5
78 E 86 5
86 A 87 1
87 A 86 1
86 B 87 2
87 B 86 2
86 C 87 3
87 C 86 3
86 D 87 4
87 D 86 4
86 E 87 5
87 E 86 5
87 A 8 1
8 A 87 1
87 B 8 2
8 B 87 2
87 C 8 3
8 C 87 3
87 D 8 4
8 D 87 4
87 E 8 5
8 E 87 5
8 A 86 1
86 A 8 1
8 B 86 2
86 B 8 2
8 C 86 3
86 C 8 3
8 D 86 4
86 D 8 4
8 E 86 5
86 E 8 5
94 A 91 1
91 A 94 1
94 B 91 2
91 B 94 2
94 C 91 3
91 C 94 3
94 D 91 4
91 D 94 4
94 E 91 5
91 E 94 5
91 A 96 1
96 A 91 1
91 B 96 2
96 B 91 2
91 C 96 3
96 C 91 3
91 D 96 4
96 D 91 4
91 E 96 5
96 E 91 5
96 A 94 1
94 A 96 1
96 B 94 2
94 B 96 2
96 C 94 3
94 C 96 3
96 D 94 4
94 D 96 4
96 E 94 5
94 E 96 5
88 A 94 1
94 A 88 1
88 B 94 2
94 B 88 2
88 C 94 3
94 C 88 3
88 D 94 4
94 D 88 4
88 E 94 5
94 E 88 5
94 A 95 1
95 A 94 1
94 B 95 2
95 B 94 2
94 C 95 3
95 C 94 3
94 D 95 4
95 D 94 4
94 E 95 5
95 E 94 5
95 A 88 1
88 A 95 1
95 B 88 2
88 B 95 2
95 C 88 3
88 C 95 3
95 D 88 4
88 D 95 4
95 E 88 5
88 E 95 5
95 A 96 1
96 A 95 1
95 B 96 2
96 B 95 2
95 C 96 3
96 C 95 3
95 D 96 4
96 D 95 4
95 E 96 5
96 E 95 5
96 A 93 1
93 A 96 1
96 B 93 2
93 B 96 2
96 C 93 3
93 C 96 3
96 D 93 4
93 D 96 4
96 E 93 5
93 E 96 5
93 A 95 1
95 A 93 1
93 B 95 2
95 B 93 2
93 C 95 3
95 C 93 3
93 D 95 4
95 D 93 4
93 E 95 5
95 E 93 5
97 A 8 1
8 A 97 1
97 B 8 2
8 B 97 2
97 C 8 3
8 C 97 3
97 D 8 4
8 D 97 4
97 E 8 5
8 E 97 5
8 A 99 1
99 A 8 1
8 B 99 2
99 B 8 2
8 C 99 3
99 C 8 3
8 D 99 4
99 D 8 4
8 E 99 5
99 E 8 5
99 A 97 1
97 A 99 1
99 B 97 2
97 B 99 2
99 C 97 3
97 C 99 3
99 D 97 4
97 D 99 4
99 E 97 5
97 E 99 5
91 A 97 1
97 A 91 1
91 B 97 2
97 B 91 2
91 C 97 3
97 C 91 3
91 D 97 4
97 D 91 4
91 E 97 5
97 E 91 5
97 A 98 1
98 A 97 1
97 B 98 2
98 B 97 2
97 C 98 3
98 C 97 3
97 D 98 4
98 D 97 4
97 E 98 5
98 E 97 5
98 A 91 1
91 A 98 1
98 B 91 2
91 B 98 2
98 C 91 3
91 C 98 3
98 D 91 4
91 D 98 4
98 E 91 5
91 E 98 5
98 A 99 1
99 A 98 1
98 B 99 2
99 B 98 2
98 C 99 3
99 C 98 3
98 D 99 4
99 D 98 4
98 E 99 5
99 E 98 5
99 A 92 1
92 A 99 1
99 B 92 2
92 B 99 2
99 C 92 3
92 C 99 3
99 D 92 4
92 D 99 4
99 E 92 5
92 E 99 5
92 A 98 1
98 A 92 1
92 B 98 2
98 B 92 2
92 C 98 3
98 C 92 3
92 D 98 4
98 D 92 4
92 E 98 5
98 E 92 5
100 A 92 1
92 A 100 1
100 B 92 2
92 B 100 2
100 C 92 3
92 C 100 3
100 D 92 4
92 D 100 4
100 E 92 5
92 E 100 5
92 A 102 1
102 A 92 1
92 B 102 2
102 B 92 2
92 C 102 3
102 C 92 3
92 D 102 4
102 D 92 4
92 E 102 5
102 E 92 5
102 A 100 1
100 A 102 1
102 B 100 2
100 B 102 2
102 C 100 3
100 C 102 3
102 D 100 4
100 D 102 4
102 E 100 5
100 E 102 5
93 A 100 1
100 A 93 1
93 B 100 2
100 B 93 2
93 C 100 3
100 C 93 3
93 D 100 4
100 D 93 4
93 E 100 5
100 E 93 5
100 A 101 1
101 A 100 1
100 B 101 2
101 B 100 2
100 C 101 3
101 C 100 3
100 D 101 4
101 D 100 4
100 E 101 5
101 E 100 5
101 A 93 1
93 A 101 1
101 B 93 2
93 B 101 2
101 C 93 3
93 C 101 3
101 D 93 4
93 D 101 4
101 E 93 5
93 E 101 5
101 A 102 1
102 A 101 1
101 B 102 2
102 B 101 2
101 C 102 3
102 C 101 3
101 D 102 4
102 D 101 4
101 E 102 5
102 E 101 5
102 A 90 1
90 A 102 1
102 B 90 2
90 B 102 2
102 C 90 3
90 C 102 3
102 D 90 4
90 D 102 4
102 E 90 5
90 E 102 5
90 A 101 1
101 A 90 1
90 B 101 2
101 B 90 2
90 C 101 3
101 C 90 3
90 D 101 4
101 D 90 4
90 E 101 5
101 E 90 5
106 A 103 1
103 A 106 1
106 B 103 2
103 B 106 2
106 C 103 3
103 C 106 3
106 D 103 4
103 D 106 4
106 E 103 5
103 E 106 5
103 A 108 1
108 A 103 1
103 B 108 2
108 B 103 2
103 C 108 3
108 C 103 3
103 D 108 4
108 D 103 4
103 E 108 5
108 E 103 5
108 A 106 1
106 A 108 1
108 B 106 2
106 B 108 2
108 C 106 3
106 C 108 3
108 D 106 4
106 D 108 4
108 E 106 5
106 E 108 5
9 A 106 1
106 A 9 1
9 B 106 2
106 B 9 2
9 C 106 3
106 C 9 3
9 D 106 4
106 D 9 4
9 E 106 5
106 E 9 5
106 A 107 1
107 A 106 1
106 B 107 2
107 B 106 2
106 C 107 3
107 C 106 3
106 D 107 4
107 D 106 4
106 E 107 5
107 E 106 5
107 A 9 1
9 A 107 1
107 B 9 2
9 B 107 2
107 C 9 3
9 C 107 3
107 D 9 4
9 D 107 4
107 E 9 5
9 E 107 5
107 A 108 1
108 A 107 1
107 B 108 2
108 B 107 2
107 C 108 3
108 C 107 3
107 D 108 4
108 D 107 4
107 E 108 5
108 E 107 5
108 A 105 1
105 A 108 1
108 B 105 2
105 B 108 2
108 C 105 3
105 C 108 3
108 D 105 4
105 D 108 4
108 E 105 5
105 E 108 5
105 A 107 1
107 A 105 1
105 B 107 2
107 B 105 2
105 C 107 3
107 C 105 3
105 D 107 4
107 D 105 4
105 E 107 5
107 E 105 5
109 A 88 1
88 A 109 1
109 B 88 2
88 B 109 2
109 C 88 3
88 C 109 3
109 D 88 4
88 D 109 4
109 E 88 5
88 E 109 5
88 A 111 1
111 A 88 1
88 B 111 2
111 B 88 2
88 C 111 3
111 C 88 3
88 D 111 4
111 D 88 4
88 E 111 5
111 E 88 5
111 A 109 1
109 A 111 1
111 B 109 2
109 B 111 2
111 C 109 3
109 C 111 3
111 D 109 4
109 D 111 4
111 E 109 5
109 E 111 5
103 A 109 1
109 A 103 1
103 B 109 2
109 B 103 2
103 C 109 3
109 C 103 3
103 D 109 4
109 D 103 4
103 E 109 5
109 E 103 5
109 A 110 1
110 A 109 1
109 B 110 2
110 B 109 2
109 C 110 3
110 C 109 3
109 D 110 4
110 D 109 4
109 E 110 5
110 E 109 5
110 A 103 1
103 A 110 1
110 B 103 2
103 B 110 2
110 C 103 3
103 C 110 3
110 D 103 4
103 D 110 4
110 E 103 5
103 E 110 5
110 A 111 1
111 A 110 1
110 B 111 2
111 B 110 2
110 C 111 3
111 C 110 3
110 D 111 4
111 D 110 4
110 E 111 5
111 E 110 5
111 A 104 1
104 A 111 1
111 B 104 2
104 B 111 2
111 C 104 3
104 C 111 3
111 D 104 4
104 D 111 4
111 E 104 5
104 E 111 5
104 A 110 1
110 A 104 1
104 B 110 2
110 B 104 2
104 C 110 3
110 C 104 3
104 D 110 4
110 D 104 4
104 E 110 5
110 E 104 5
112 A 104 1
104 A 112 1
112 B 104 2
104 B 112 2
112 C 104 3
104 C 112 3
112 D 104 4
104 D 112 4
112 E 104 5
104 E 112 5
104 A 114 1
114 A 104 1
104 B 114 2
114 B 104 2
104 C 114 3
114 C 104 3
104 D 114 4
114 D 104 4
104 E 114 5
114 E 104 5
114 A 112 1
112 A 114 1
114 B 112 2
112 B 114 2
114 C 112 3
112 C 114 3
114 D 112 4
112 D 114 4
114 E 112 5
112 E 114 5
105 A 112 1
112 A 105 1
105 B 112 2
112 B 105 2
105 C 112 3
112 C 105 3
105 D 112 4
112 D 105 4
105 E 112 5
112 E 105 5
112 A 113 1
113 A 112 1
112 B 113 2
113 B 112 2
112 C 113 3
113 C 112 3
112 D 113 4
113 D 112 4
112 E 113 5
113 E 112 5
113 A 105 1
105 A 113 1
113 B 105 2
105 B 113 2
113 C 105 3
105 C 113 3
113 D 105 4
105 D 113 4
113 E 105 5
105 E 113 5
113 A 114 1
114 A 113 1
113 B 114 2
114 B 113 2
113 C 114 3
114 C 113 3
113 D 114 4
114 D 113 4
113 E 114 5
114 E 113 5
114 A 89 1
89 A 114 1
114 B 89 2
89 B 114 2
114 C 89 3
89 C 114 3
114 D 89 4
89 D 114 4
114 E 89 5
89 E 114 5
89 A 113 1
113 A 89 1
89 B 113 2
113 B 89 2
89 C 113 3
113 C 89 3
89 D 113 4
113 D 89 4
89 E 113 5
113 E 89 5
118 A 115 1
115 A 118 1
118 B 115 2
115 B 118 2
118 C 115 3
115 C 118 3
118 D 115 4
115 D 118 4
118 E 115 5
115 E 118 5
115 A 120 1
120 A 115 1
115 B 120 2
120 B 115 2
115 C 120 3
120 C 115 3
115 D 120 4
120 D 115 4
115 E 120 5
120 E 115 5
120 A 118 1
118 A 120 1
120 B 118 2
118 B 120 2
120 C 118 3
118 C 120 3
120 D 118 4
118 D 120 4
120 E 118 5
118 E 120 5
89 A 118 1
118 A 89 1
89 B 118 2
118 B 89 2
89 C 118 3
118 C 89 3
89 D 118 4
118 D 89 4
89 E 118 5
118 E 89 5
118 A 119 1
119 A 118 1
118 B 119 2
119 B 118 2
118 C 119 3
119 C 118 3
118 D 119 4
119 D 118 4
118 E 119 5
119 E 118 5
119 A 89 1
89 A 119 1
119 B 89 2
89 B 119 2
119 C 89 3
89 C 119 3
119 D 89 4
89 D 119 4
119 E 89 5
89 E 119 5
119 A 120 1
120 A 119 1
119 B 120 2
120 B 119 2
119 C 120 3
120 C 119 3
119 D 120 4
120 D 119 4
119 E 120 5
120 E 119 5
120 A 117 1
117 A 120 1
120 B 117 2
117 B 120 2
120 C 117 3
117 C 120 3
120 D 117 4
117 D 120 4
120 E 117 5
117 E 120 5
117 A 119 1
119 A 117 1
117 B 119 2
119 B 117 2
117 C 119 3
119 C 117 3
117 D 119 4
119 D 117 4
117 E 119 5
119 E 117 5
121 A 90 1
90 A 121 1
121 B 90 2
90 B 121 2
121 C 90 3
90 C 121 3
121 D 90 4
90 D 121 4
121 E 90 5
90 E 121 5
90 A 123 1
123 A 90 1
90 B 123 2
123 B 90 2
90 C 123 3
123 C 90 3
90 D 123 4
123 D 90 4
90 E 123 5
123 E 90 5
123 A 121 1
121 A 123 1
123 B 121 2
121 B 123 2
123 C 121 3
121 C 123 3
123 D 121 4
121 D 123 4
123 E 121 5
121 E 123 5
115 A 121 1
121 A 115 1
115 B 121 2
121 B 115 2
115 C 121 3
121 C 115 3
115 D 121 4
121 D 115 4
115 E 121 5
121 E 115 5
121 A 122 1
122 A 121 1
121 B 122 2
122 B 121 2
121 C 122 3
122 C 121 3
121 D 122 4
122 D 121 4
121 E 122 5
122 E 121 5
122 A 115 1
115 A 122 1
122 B 115 2
115 B 122 2
122 C 115 3
115 C 122 3
122 D 115 4
115 D 122 4
122 E 115 5
115 E 122 5
122 A 123 1
123 A 122 1
122 B 123 2
123 B 122 2
122 C 123 3
123 C 122 3
122 D 123 4
123 D 122 4
122 E 123 5
123 E 122 5
123 A 116 1
116 A 123 1
123 B 116 2
116 B 123 2
123 C 116 3
116 C 123 3
123 D 116 4
116 D 123 4
123 E 116 5
116 E 123 5
116 A 122 1
122 A 116 1
116 B 122 2
122 B 116 2
116 C 122 3
122 C 116 3
116 D 122 4
122 D 116 4
116 E 122 5
122 E 116 5
124 A 116 1
116 A 124 1
124 B 116 2
116 B 124 2
124 C 116 3
116 C 124 3
124 D 116 4
116 D 124 4
124 E 116 5
116 E 124 5
116 A 126 1
126 A 116 1
116 B 126 2
126 B 116 2
116 C 126 3
126 C 116 3
116 D 126 4
126 D 116 4
116 E 126 5
126 E 116 5
126 A 124 1
124 A 126 1
126 B 124 2
124 B 126 2
126 C 124 3
124 C 126 3
126 D 124 4
124 D 126 4
126 E 124 5
124 E 126 5
117 A 124 1
124 A 117 1
117 B 124 2
124 B 117 2
117 C 124 3
124 C 117 3
117 D 124 4
124 D 117 4
117 E 124 5
124 E 117 5
124 A 125 1
125 A 124 1
124 B 125 2
125 B 124 2
124 C 125 3
125 C 124 3
124 D 125 4
125 D 124 4
124 E 125 5
125 E 124 5
125 A 117 1
117 A 125 1
125 B 117 2
117 B 125 2
125 C 117 3
117 C 125 3
125 D 117 4
117 D 125 4
125 E 117 5
117 E 125 5
125 A 126 1
126 A 125 1
125 B 126 2
126 B 125 2
125 C 126 3
126 C 125 3
125 D 126 4
126 D 125 4
125 E 126 5
126 E 125 5
126 A 6 1
6 A 126 1
126 B 6 2
6 B 126 2
126 C 6 3
6 C 126 3
126 D 6 4
6 D 126 4
126 E 6 5
6 E 126 5
6 A 125 1
125 A 6 1
6 B 125 2
125 B 6 2
6 C 125 3
125 C 6 3
6 D 125 4
125 D 6 4
6 E 125 5
125 E 6 5
136 A 133 1
133 A 136 1
136 B 133 2
133 B 136 2
136 C 133 3
133 C 136 3
136 D 133 4
133 D 136 4
136 E 133 5
133 E 136 5
133 A 138 1
138 A 133 1
133 B 138 2
138 B 133 2
133 C 138 3
138 C 133 3
133 D 138 4
138 D 133 4
133 E 138 5
138 E 133 5
138 A 136 1
136 A 138 1
138 B 136 2
136 B 138 2
138 C 136 3
136 C 138 3
138 D 136 4
136 D 138 4
138 E 136 5
136 E 138 5
130 A 136 1
136 A 130 1
130 B 136 2
136 B 130 2
130 C 136 3
136 C 130 3
130 D 136 4
136 D 130 4
130 E 136 5
136 E 130 5
136 A 137 1
137 A 136 1
136 B 137 2
137 B 136 2
136 C 137 3
137 C 136 3
136 D 137 4
137 D 136 4
136 E 137 5
137 E 136 5
137 A 130 1
130 A 137 1
137 B 130 2
130 B 137 2
137 C 130 3
130 C 137 3
137 D 130 4
130 D 137 4
137 E 130 5
130 E 137 5
137 A 138 1
138 A 137 1
137 B 138 2
138 B 137 2
137 C 138 3
138 C 137 3
137 D 138 4
138 D 137 4
137 E 138 5
138 E 137 5
138 A 135 1
135 A 138 1
138 B 135 2
135 B 138 2
138 C 135 3
135 C 138 3
138 D 135 4
135 D 138 4
138 E 135 5
135 E 138 5
135 A 137 1
137 A 135 1
135 B 137 2
137 B 135 2
135 C 137 3
137 C 135 3
135 D 137 4
137 D 135 4
135 E 137 5
137 E 135 5
139 A 127 1
127 A 139 1
139 B 127 2
127 B 139 2
139 C 127 3
127 C 139 3
139 D 127 4
127 D 139 4
139 E 127 5
127 E 139 5
127 A 141 1
141 A 127 1
127 B 141 2
141 B 127 2
127 C 141 3
141 C 127 3
127 D 141 4
141 D 127 4
127 E 141 5
141 E 127 5
141 A 139 1
139 A 141 1
141 B 139 2
139 B 141 2
141 C 139 3
139 C 141 3
141 D 139 4
139 D 141 4
141 E 139 5
139 E 141 5
133 A 139 1
139 A 133 1
133 B 139 2
139 B 133 2
133 C 139 3
139 C 133 3
133 D 139 4
139 D 133 4
133 E 139 5
139 E 133 5
139 A 140 1
140 A 139 1
139 B 140 2
140 B 139 2
139 C 140 3
140 C 139 3
139 D 140 4
140 D 139 4
139 E 140 5
140 E 139 5
140 A 133 1
133 A 140 1
140 B 133 2
133 B 140 2
140 C 133 3
133 C 140 3
140 D 133 4
133 D 140 4
140 E 133 5
133 E 140 5
140 A 141 1
141 A 140 1
140 B 141 2
141 B 140 2
140 C 141 3
141 C 140 3
140 D 141 4
141 D 140 4
140 E 141 5
141 E 140 5
141 A 134 1
134 A 141 1
141 B 134 2
134 B 141 2
141 C 134 3
134 C 141 3
141 D 134 4
134 D 141 4
141 E 134 5
134 E 141 5
134 A 140 1
140 A 134 1
134 B 140 2
140 B 134 2
134 C 140 3
140 C 134 3
134 D 140 4
140 D 134 4
134 E 140 5
140 E 134 5
142 A 134 1
134 A 142 1
142 B 134 2
134 B 142 2
142 C 134 3
134 C 142 3
142 D 134 4
134 D 142 4
142 E 134 5
134 E 142 5
134 A 144 1
144 A 134 1
134 B 144 2
144 B 134 2
134 C 144 3
144 C 134 3
134 D 144 4
144 D 134 4
134 E 144 5
144 E 134 5
144 A 142 1
142 A 144 1
144 B 142 2
142 B 144 2
144 C 142 3
142 C 144 3
144 D 142 4
142 D 144 4
144 E 142 5
142 E 144 5
135 A 142 1
142 A 135 1
135 B 142 2
142 B 135 2
135 C 142 3
142 C 135 3
135 D 142 4
142 D 135 4
135 E 142 5
142 E 135 5
142 A 143 1
143 A 142 1
142 B 143 2
143 B 142 2
142 C 143 3
143 C 142 3
142 D 143 4
143 D 142 4
142 E 143 5
143 E 142 5
143 A 135 1
135 A 143 1
143 B 135 2
135 B 143 2
143 C 135 3
135 C 143 3
143 D 135 4
135 D 143 4
143 E 135 5
135 E 143 5
143 A 144 1
144 A 143 1
143 B 144 2
144 B 143 2
143 C 144 3
144 C 143 3
143 D 144 4
144 D 143 4
143 E 144 5
144 E 143 5
144 A 132 1
132 A 144 1
144 B 132 2
132 B 144 2
144 C 132 3
132 C 144 3
144 D 132 4
132 D 144 4
144 E 132 5
132 E 144 5
132 A 143 1
143 A 132 1
132 B 143 2
143 B 132 2
132 C 143 3
143 C 132 3
132 D 143 4
143 D 132 4
132 E 143 5
143 E 132 5
148 A 145 1
145 A 148 1
148 B 145 2
145 B 148 2
148 C 145 3
145 C 148 3
148 D 145 4
145 D 148 4
148 E 145 5
145 E 148 5
145 A 150 1
150 A 145 1
145 B 150 2
150 B 145 2
145 C 150 3
150 C 145 3
145 D 150 4
150 D 145 4
145 E 150 5
150 E 145 5
150 A 148 1
148 A 150 1
150 B 148 2
148 B 150 2
150 C 148 3
148 C 150 3
150 D 148 4
148 D 150 4
150 E 148 5
148 E 150 5
1 A 148 1
148 A 1 1
1 B 148 2
148 B 1 2
1 C 148 3
148 C 1 3
1 D 148 4
148 D 1 4
1 E 148 5
148 E 1 5
148 A 149 1
149 A 148 1
148 B 149 2
149 B 148 2
148 C 149 3
149 C 148 3
148 D 149 4
149 D 148 4
148 E 149 5
149 E 148 5
149 A 1 1
1 A 149 1
149 B 1 2
1 B 149 2
149 C 1 3
1 C 149 3
149 D 1 4
1 D 149 4
149 E 1 5
1 E 149 5
149 A 150 1
150 A 149 1
149 B 150 2
150 B 149 2
149 C 150 3
150 C 149 3
149 D 150 4
150 D 149 4
149 E 150 5
150 E 149 5
150 A 147 1
147 A 150 1
150 B 147 2
147 B 150 2
150 C 147 3
147 C 150 3
150 D 147 4
147 D 150 4
150 E 147 5
147 E 150 5
147 A 149 1
149 A 147 1
147 B 149 2
149 B 147 2
147 C 149 3
149 C 147 3
147 D 149 4
149 D 147 4
147 E 149 5
149 E 147 5
151 A 130 1
130 A 151 1
151 B 130 2
130 B 151 2
151 C 130 3
130 C 151 3
151 D 130 4
130 D 151 4
151 E 130 5
130 E 151 5
130 A 153 1
153 A 130 1
130 B 153 2
153 B 130 2
130 C 153 3
153 C 130 3
130 D 153 4
153 D 130 4
130 E 153 5
153 E 130 5
153 A 151 1
151 A 153 1
153 B 151 2
151 B 153 2
153 C 151 3
151 C 153 3
153 D 151 4
151 D 153 4
153 E 151 5
151 E 153 5
145 A 151 1
151 A 145 1
145 B 151 2
151 B 145 2
145 C 151 3
151 C 145 3
145 D 151 4
151 D 145 4
145 E 151 5
151 E 145 5
151 A 152 1
152 A 151 1
151 B 152 2
152 B 151 2
151 C 152 3
152 C 151 3
151 D 152 4
152 D 151 4
151 E 152 5
152 E 151 5
152 A 145 1
145 A 152 1
152 B 145 2
145 B 152 2
152 C 145 3
145 C 152 3
152 D 145 4
145 D 152 4
152 E 145 5
145 E 152 5
152 A 153 1
153 A 152 1
152 B 153 2
153 B 152 2
152 C 153 3
153 C 152 3
152 D 153 4
153 D 152 4
152 E 153 5
153 E 152 5
153 A 146 1
146 A 153 1
153 B 146 2
146 B 153 2
153 C 146 3
146 C 153 3
153 D 146 4
146 D 153 4
153 E 146 5
146 E 153 5
146 A 152 1
152 A 146 1
146 B 152 2
152 B 146 2
146 C 152 3
152 C 146 3
146 D 152 4
152 D 146 4
146 E 152 5
152 E 146 5
154 A 146 1
146 A 154 1
154 B 146 2
146 B 154 2
154 C 146 3
146 C 154 3
154 D 146 4
146 D 154 4
154 E 146 5
146 E 154 5
146 A 156 1
156 A 146 1
146 B 156 2
156 B 146 2
146 C 156 3
156 C 146 3
146 D 156 4
156 D 146 4
146 E 156 5
156 E 146 5
156 A 154 1
154 A 156 1
156 B 154 2
154 B 156 2
156 C 154 3
154 C 156 3
156 D 154 4
154 D 156 4
156 E 154 5
154 E 156 5
147 A 154 1
154 A 147 1
147 B 154 2
154 B 147 2
147 C 154 3
154 C 147 3
147 D 154 4
154 D 147 4
147 E 154 5
154 E 147 5
154 A 155 1
155 A 154 1
154 B 155 2
155 B 154 2
154 C 155 3
155 C 154 3
154 D 155 4
155 D 154 4
154 E 155 5
155 E 154 5
155 A 147 1
147 A 155 1
155 B 147 2
147 B 155 2
155 C 147 3
147 C 155 3
155 D 147 4
147 D 155 4
155 E 147 5
147 E 155 5
155 A 156 1
156 A 155 1
155 B 156 2
156 B 155 2
155 C 156 3
156 C 155 3
155 D 156 4
156 D 155 4
155 E 156 5
156 E 155 5
156 A 131 1
131 A 156 1
156 B 131 2
131 B 156 2
156 C 131 3
131 C 156 3
156 D 131 4
131 D 156 4
156 E 131 5
131 E 156 5
131 A 155 1
155 A 131 1
131 B 155 2
155 B 131 2
131 C 155 3
155 C 131 3
131 D 155 4
155 D 131 4
131 E 155 5
155 E 131 5
160 A 157 1
157 A 160 1
160 B 157 2
157 B 160 2
160 C 157 3
157 C 160 3
160 D 157 4
157 D 160 4
160 E 157 5
157 E 160 5
157 A 162 1
162 A 157 1
157 B 162 2
162 B 157 2
157 C 162 3
162 C 157 3
157 D 162 4
162 D 157 4
157 E 162 5
162 E 157 5
162 A 160 1
160 A 162 1
162 B 160 2
160 B 162 2
162 C 160 3
160 C 162 3
162 D 160 4
160 D 162 4
162 E 160 5
160 E 162 5
131 A 160 1
160 A 131 1
131 B 160 2
160 B 131 2
131 C 160 3
160 C 131 3
131 D 160 4
160 D 131 4
131 E 160 5
160 E 131 5
160 A 161 1
161 A 160 1
160 B 161 2
161 B 160 2
160 C 161 3
161 C 160 3
160 D 161 4
161 D 160 4
160 E 161 5
161 E 160 5
161 A 131 1
131 A 161 1
161 B 131 2
131 B 161 2
161 C 131 3
131 C 161 3
161 D 131 4
131 D 161 4
161 E 131 5
131 E 161 5
161 A 162 1
162 A 161 1
161 B 162 2
162 B 161 2
161 C 162 3
162 C 161 3
161 D 162 4
162 D 161 4
161 E 162 5
162 E 161 5
162 A 159 1
159 A 162 1
162 B 159 2
159 B 162 2
162 C 159 3
159 C 162 3
162 D 159 4
159 D 162 4
162 E 159 5
159 E 162 5
159 A 161 1
161 A 159 1
159 B 161 2
161 B 159 2
159 C 161 3
161 C 159 3
159 D 161 4
161 D 159 4
159 E 161 5
161 E 159 5
163 A 132 1
132 A 163 1
163 B 132 2
132 B 163 2
163 C 132 3
132 C 163 3
163 D 132 4
132 D 163 4
163 E 132 5
132 E 163 5
132 A 165 1
165 A 132 1
132 B 165 2
165 B 132 2
132 C 165 3
165 C 132 3
132 D 165 4
165 D 132 4
132 E 165 5
165 E 132 5
165 A 163 1
163 A 165 1
165 B 163 2
163 B 165 2
165 C 163 3
163 C 165 3
165 D 163 4
163 D 165 4
165 E 163 5
163 E 165 5
157 A 163 1
163 A 157 1
157 B 163 2
163 B 157 2
157 C 163 3
163 C 157 3
157 D 163 4
163 D 157 4
157 E 163 5
163 E 157 5
163 A 164 1
164 A 163 1
163 B 164 2
164 B 163 2
163 C 164 3
164 C 163 3
163 D 164 4
164 D 163 4
163 E 164 5
164 E 163 5
164 A 157 1
157 A 164 1
164 B 157 2
157 B 164 2
164 C 157 3
157 C 164 3
164 D 157 4
157 D 164 4
164 E 157 5
157 E 164 5
164 A 165 1
165 A 164 1
164 B 165 2
165 B 164 2
164 C 165 3
165 C 164 3
164 D 165 4
165 D 164 4
164 E 165 5
165 E 164 5
165 A 158 1
158 A 165 1
165 B 158 2
158 B 165 2
165 C 158 3
158 C 165 3
165 D 158 4
158 D 165 4
165 E 158 5
158 E 165 5
158 A 164 1
164 A 158 1
158 B 164 2
164 B 158 2
158 C 164 3
164 C 158 3
158 D 164 4
164 D 158 4
158 E 164 5
164 E 158 5
166 A 158 1
158 A 166 1
166 B 158 2
158 B 166 2
166 C 158 3
158 C 166 3
166 D 158 4
158 D 166 4
166 E 158 5
158 E 166 5
158 A 168 1
168 A 158 1
158 B 168 2
168 B 158 2
158 C 168 3
168 C 158 3
158 D 168 4
168 D 158 4
158 E 168 5
168 E 158 5
168 A 166 1
166 A 168 1
168 B 166 2
166 B 168 2
168 C 166 3
166 C 168 3
168 D 166 4
166 D 168 4
168 E 166 5
166 E 168 5
159 A 166 1
166 A 159 1
159 B 166 2
166 B 159 2
159 C 166 3
166 C 159 3
159 D 166 4
166 D 159 4
159 E 166 5
166 E 159 5
166 A 167 1
167 A 166 1
166 B 167 2
167 B 166 2
166 C 167 3
167 C 166 3
166 D 167 4
167 D 166 4
166 E 167 5
167 E 166 5
167 A 159 1
159 A 167 1
167 B 159 2
159 B 167 2
167 C 159 3
159 C 167 3
167 D 159 4
159 D 167 4
167 E 159 5
159 E 167 5
167 A 168 1
168 A 167 1
167 B 168 2
168 B 167 2
167 C 168 3
168 C 167 3
167 D 168 4
168 D 167 4
167 E 168 5
168 E 167 5
168 A 129 1
129 A 168 1
168 B 129 2
129 B 168 2
168 C 129 3
129 C 168 3
168 D 129 4
129 D 168 4
168 E 129 5
129 E 168 5
129 A 167 1
167 A 129 1
129 B 167 2
167 B 129 2
129 C 167 3
167 C 129 3
129 D 167 4
167 D 129 4
129 E 167 5
167 E 129 5
175 A 172 1
172 A 175 1
175 B 172 2
172 B 175 2
175 C 172 3
172 C 175 3
175 D 172 4
172 D 175 4
175 E 172 5
172 E 175 5
172 A 177 1
177 A 172 1
172 B 177 2
177 B 172 2
172 C 177 3
177 C 172 3
172 D 177 4
177 D 172 4
172 E 177 5
177 E 172 5
177 A 175 1
175 A 177 1
177 B 175 2
175 B 177 2
177 C 175 3
175 C 177 3
177 D 175 4
175 D 177 4
177 E 175 5
175 E 177 5
169 A 175 1
175 A 169 1
169 B 175 2
175 B 169 2
169 C 175 3
175 C 169 3
169 D 175 4
175 D 169 4
169 E 175 5
175 E 169 5
175 A 176 1
176 A 175 1
175 B 176 2
176 B 175 2
175 C 176 3
176 C 175 3
175 D 176 4
176 D 175 4
175 E 176 5
176 E 175 5
176 A 169 1
169 A 176 1
176 B 169 2
169 B 176 2
176 C 169 3
169 C 176 3
176 D 169 4
169 D 176 4
176 E 169 5
169 E 176 5
176 A 177 1
177 A 176 1
176 B 177 2
177 B 176 2
176 C 177 3
177 C 176 3
176 D 177 4
177 D 176 4
176 E 177 5
177 E 176 5
177 A 174 1
174 A 177 1
177 B 174 2
174 B 177 2
177 C 174 3
174 C 177 3
177 D 174 4
174 D 177 4
177 E 174 5
174 E 177 5
174 A 176 1
176 A 174 1
174 B 176 2
176 B 174 2
174 C 176 3
176 C 174 3
174 D 176 4
176 D 174 4
174 E 176 5
176 E 174 5
178 A 4 1
4 A 178 1
178 B 4 2
4 B 178 2
178 C 4 3
4 C 178 3
178 D 4 4
4 D 178 4
178 E 4 5
4 E 178 5
4 A 180 1
180 A 4 1
4 B 180 2
180 B 4 2
4 C 180 3
180 C 4 3
4 D 180 4
180 D 4 4
4 E 180 5
180 E 4 5
180 A 178 1
178 A 180 1
180 B 178 2
178 B 180 2
180 C 178 3
178 C 180 3
180 D 178 4
178 D 180 4
180 E 178 5
178 E 180 5
172 A 178 1
178 A 172 1
172 B 178 2
178 B 172 2
172 C 178 3
178 C 172 3
172 D 178 4
178 D 172 4
172 E 178 5
178 E 172 5
178 A 179 1
179 A 178 1
178 B 179 2
179 B 178 2
178 C 179 3
179 C 178 3
178 D 179 4
179 D 178 4
178 E 179 5
179 E 178 5
179 A 172 1
172 A 179 1
179 B 172 2
172 B 179 2
179 C 172 3
172 C 179 3
179 D 172 4
172 D 179 4
179 E 172 5
172 E 179 5
179 A 180 1
180 A 179 1
179 B 180 2
180 B 179 2
179 C 180 3
180 C 179 3
179 D 180 4
180 D 179 4
179 E 180 5
180 E 179 5
180 A 173 1
173 A 180 1
180 B 173 2
173 B 180 2
180 C 173 3
173 C 180 3
180 D 173 4
173 D 180 4
180 E 173 5
173 E 180 5
173 A 179 1
179 A 173 1
173 B 179 2
179 B 173 2
173 C 179 3
179 C 173 3
173 D 179 4
179 D 173 4
173 E 179 5
179 E 173 5
181 A 173 1
173 A 181 1
181 B 173 2
173 B 181 2
181 C 173 3
173 C 181 3
181 D 173 4
173 D 181 4
181 E 173 5
173 E 181 5
173 A 183 1
183 A 173 1
173 B 183 2
183 B 173 2
173 C 183 3
183 C 173 3
173 D 183 4
183 D 173 4
173 E 183 5
183 E 173 5
183 A 181 1
181 A 183 1
183 B 181 2
181 B 183 2
183 C 181 3
181 C 183 3
183 D 181 4
181 D 183 4
183 E 181 5
181 E 183 5
174 A 181 1
181 A 174 1
174 B 181 2
181 B 174 2
174 C 181 3
181 C 174 3
174 D 181 4
181 D 174 4
174 E 181 5
181 E 174 5
181 A 182 1
182 A 181 1
181 B 182 2
182 B 181 2
181 C 182 3
182 C 181 3
181 D 182 4
182 D 181 4
181 E 182 5
182 E 181 5
182 A 174 1
174 A 182 1
182 B 174 2
174 B 182 2
182 C 174 3
174 C 182 3
182 D 174 4
174 D 182 4
182 E 174 5
174 E 182 5
182 A 183 1
183 A 182 1
182 B 183 2
183 B 182 2
182 C 183 3
183 C 182 3
182 D 183 4
183 D 182 4
182 E 183 5
183 E 182 5
183 A 171 1
171 A 183 1
183 B 171 2
171 B 183 2
183 C 171 3
171 C 183 3
183 D 171 4
171 D 183 4
183 E 171 5
171 E 183 5
171 A 182 1
182 A 171 1
171 B 182 2
182 B 171 2
171 C 182 3
182 C 171 3
171 D 182 4
182 D 171 4
171 E 182 5
182 E 171 5
187 A 184 1
184 A 187 1
187 B 184 2
184 B 187 2
187 C 184 3
184 C 187 3
187 D 184 4
184 D 187 4
187 E 184 5
184 E 187 5
184 A 189 1
189 A 184 1
184 B 189 2
189 B 184 2
184 C 189 3
189 C 184 3
184 D 189 4
189 D 184 4
184 E 189 5
189 E 184 5
189 A 187 1
187 A 189 1
189 B 187 2
187 B 189 2
189 C 187 3
187 C 189 3
189 D 187 4
187 D 189 4
189 E 187 5
187 E 189 5
127 A 187 1
187 A 127 1
127 B 187 2
187 B 127 2
127 C 187 3
187 C 127 3
127 D 187 4
187 D 127 4
127 E 187 5
187 E 127 5
187 A 188 1
188 A 187 1
187 B 188 2
188 B 187 2
187 C 188 3
188 C 187 3
187 D 188 4
188 D 187 4
187 E 188 5
188 E 187 5
188 A 127 1
127 A 188 1
188 B 127 2
127 B 188 2
188 C 127 3
127 C 188 3
188 D 127 4
127 D 188 4
188 E 127 5
127 E 188 5
188 A 189 1
189 A 188 1
188 B 189 2
189 B 188 2
188 C 189 3
189 C 188 3
188 D 189 4
189 D 188 4
188 E 189 5
189 E 188 5
189 A 186 1
186 A 189 1
189 B 186 2
186 B 189 2
189 C 186 3
186 C 189 3
189 D 186 4
186 D 189 4
189 E 186 5
186 E 189 5
186 A 188 1
188 A 186 1
186 B 188 2
188 B 186 2
186 C 188 3
188 C 186 3
186 D 188 4
188 D 186 4
186 E 188 5
188 E 186 5
190 A 169 1
169 A 190 1
190 B 169 2
169 B 190 2
190 C 169 3
169 C 190 3
190 D 169 4
169 D 190 4
190 E 169 5
169 E 190 5
169 A 192 1
192 A 169 1
169 B 192 2
192 B 169 2
169 C 192 3
192 C 169 3
169 D 192 4
192 D 169 4
169 E 192 5
192 E 169 5
192 A 190 1
190 A 192 1
192 B 190 2
190 B 192 2
192 C 190 3
190 C 192 3
192 D 190 4
190 D 192 4
192 E 190 5
190 E 192 5
184 A 190 1
190 A 184 1
184 B 190 2
190 B 184 2
184 C 190 3
190 C 184 3
184 D 190 4
190 D 184 4
184 E 190 5
190 E 184 5
190 A 191 1
191 A 190 1
190 B 191 2
191 B 190 2
190 C 191 3
191 C 190 3
190 D 191 4
191 D 190 4
190 E 191 5
191 E 190 5
191 A 184 1
184 A 191 1
191 B 184 2
184 B 191 2
191 C 184 3
184 C 191 3
191 D 184 4
184 D 191 4
191 E 184 5
184 E 191 5
191 A 192 1
192 A 191 1
191 B 192 2
192 B 191 2
191 C 192 3
192 C 191 3
191 D 192 4
192 D 191 4
191 E 192 5
192 E 191 5
192 A 185 1
185 A 192 1
192 B 185 2
185 B 192 2
192 C 185 3
185 C 192 3
192 D 185 4
185 D 192 4
192 E 185 5
185 E 192 5
185 A 191 1
191 A 185 1
185 B 191 2
191 B 185 2
185 C 191 3
191 C 185 3
185 D 191 4
191 D 185 4
185 E 191 5
191 E 185 5
193 A 185 1
185 A 193 1
193 B 185 2
185 B 193 2
193 C 185 3
185 C 193 3
193 D 185 4
185 D 193 4
193 E 185 5
185 E 193 5
185 A 195 1
195 A 185 1
185 B 195 2
195 B 185 2
185 C 195 3
195 C 185 3
185 D 195 4
195 D 185 4
185 E 195 5
195 E 185 5
195 A 193 1
193 A 195 1
195 B 193 2
193 B 195 2
195 C 193 3
193 C 195 3
195 D 193 4
193 D 195 4
195 E 193 5
193 E 195 5
186 A 193 1
193 A 186 1
186 B 193 2
193 B 186 2
186 C 193 3
193 C 186 3
186 D 193 4
193 D 186 4
186 E 193 5
193 E 186 5
193 A 194 1
194 A 193 1
193 B 194 2
194 B 193 2
193 C 194 3
194 C 193 3
193 D 194 4
194 D 193 4
193 E 194 5
194 E 193 5
194 A 186 1
186 A 194 1
194 B 186 2
186 B 194 2
194 C 186 3
186 C 194 3
194 D 186 4
186 D 194 4
194 E 186 5
186 E 194 5
194 A 195 1
195 A 194 1
194 B 195 2
195 B 194 2
194 C 195 3
195 C 194 3
194 D 195 4
195 D 194 4
194 E 195 5
195 E 194 5
195 A 170 1
170 A 195 1
195 B 170 2
170 B 195 2
195 C 170 3
170 C 195 3
195 D 170 4
170 D 195 4
195 E 170 5
170 E 195 5
170 A 194 1
194 A 170 1
170 B 194 2
194 B 170 2
170 C 194 3
194 C 170 3
170 D 194 4
194 D 170 4
170 E 194 5
194 E 170 5
199 A 196 1
196 A 199 1
199 B 196 2
196 B 199 2
199 C 196 3
196 C 199 3
199 D 196 4
196 D 199 4
199 E 196 5
196 E 199 5
196 A 201 1
201 A 196 1
196 B 201 2
201 B 196 2
196 C 201 3
201 C 196 3
196 D 201 4
201 D 196 4
196 E 201 5
201 E 196 5
201 A 199 1
199 A 201 1
201 B 199 2
199 B 201 2
201 C 199 3
199 C 201 3
201 D 199 4
199 D 201 4
201 E 199 5
199 E 201 5
170 A 199 1
199 A 170 1
170 B 199 2
199 B 170 2
170 C 199 3
199 C 170 3
170 D 199 4
199 D 170 4
170 E 199 5
199 E 170 5
199 A 200 1
200 A 199 1
199 B 200 2
200 B 199 2
199 C 200 3
200 C 199 3
199 D 200 4
200 D 199 4
199 E 200 5
200 E 199 5
200 A 170 1
170 A 200 1
200 B 170 2
170 B 200 2
200 C 170 3
170 C 200 3
200 D 170 4
170 D 200 4
200 E 170 5
170 E 200 5
200 A 201 1
201 A 200 1
200 B 201 2
201 B 200 2
200 C 201 3
201 C 200 3
200 D 201 4
201 D 200 4
200 E 201 5
201 E 200 5
201 A 198 1
198 A 201 1
201 B 198 2
198 B 201 2
201 C 198 3
198 C 201 3
201 D 198 4
198 D 201 4
201 E 198 5
198 E 201 5
198 A 200 1
200 A 198 1
198 B 200 2
200 B 198 2
198 C 200 3
200 C 198 3
198 D 200 4
200 D 198 4
198 E 200 5
200 E 198 5
202 A 171 1
171 A 202 1
202 B 171 2
171 B 202 2
202 C 171 3
171 C 202 3
202 D 171 4
171 D 202 4
202 E 171 5
171 E 202 5
171 A 204 1
204 A 171 1
171 B 204 2
204 B 171 2
171 C 204 3
204 C 171 3
171 D 204 4
204 D 171 4
171 E 204 5
204 E 171 5
204 A 202 1
202 A 204 1
204 B 202 2
202 B 204 2
204 C 202 3
202 C 204 3
204 D 202 4
202 D 204 4
204 E 202 5
202 E 204 5
196 A 202 1
202 A 196 1
196 B 202 2
202 B 196 2
196 C 202 3
202 C 196 3
196 D 202 4
202 D 196 4
196 E 202 5
202 E 196 5
202 A 203 1
203 A 202 1
202 B 203 2
203 B 202 2
202 C 203 3
203 C 202 3
202 D 203 4
203 D 202 4
202 E 203 5
203 E 202 5
203 A 196 1
196 A 203 1
203 B 196 2
196 B 203 2
203 C 196 3
196 C 203 3
203 D 196 4
196 D 203 4
203 E 196 5
196 E 203 5
203 A 204 1
204 A 203 1
203 B 204 2
204 B 203 2
203 C 204 3
204 C 203 3
203 D 204 4
204 D 203 4
203 E 204 5
204 E 203 5
204 A 197 1
197 A 204 1
204 B 197 2
197 B 204 2
204 C 197 3
197 C 204 3
204 D 197 4
197 D 204 4
204 E 197 5
197 E 204 5
197 A 203 1
203 A 197 1
197 B 203 2
203 B 197 2
197 C 203 3
203 C 197 3
197 D 203 4
203 D 197 4
197 E 203 5
203 E 197 5
205 A 197 1
197 A 205 1
205 B 197 2
197 B 205 2
205 C 197 3
197 C 205 3
205 D 197 4
197 D 205 4
205 E 197 5
197 E 205 5
197 A 207 1
207 A 197 1
197 B 207 2
207 B 197 2
197 C 207 3
207 C 197 3
197 D 207 4
207 D 197 4
197 E 207 5
207 E 197 5
207 A 205 1
205 A 207 1
207 B 205 2
205 B 207 2
207 C 205 3
205 C 207 3
207 D 205 4
205 D 207 4
207 E 205 5
205 E 207 5
198 A 205 1
205 A 198 1
198 B 205 2
205 B 198 2
198 C 205 3
205 C 198 3
198 D 205 4
205 D 198 4
198 E 205 5
205 E 198 5
205 A 206 1
206 A 205 1
205 B 206 2
206 B 205 2
205 C 206 3
206 C 205 3
205 D 206 4
206 D 205 4
205 E 206 5
206 E 205 5
206 A 198 1
198 A 206 1
206 B 198 2
198 B 206 2
206 C 198 3
198 C 206 3
206 D 198 4
198 D 206 4
206 E 198 5
198 E 206 5
206 A 207 1
207 A 206 1
206 B 207 2
207 B 206 2
206 C 207 3
207 C 206 3
206 D 207 4
207 D 206 4
206 E 207 5
207 E 206 5
207 A 128 1
128 A 207 1
207 B 128 2
128 B 207 2
207 C 128 3
128 C 207 3
207 D 128 4
128 D 207 4
207 E 128 5
128 E 207 5
128 A 206 1
206 A 128 1
128 B 206 2
206 B 128 2
128 C 206 3
206 C 128 3
128 D 206 4
206 D 128 4
128 E 206 5
206 E 128 5
214 A 211 1
211 A 214 1
214 B 211 2
211 B 214 2
214 C 211 3
211 C 214 3
214 D 211 4
211 D 214 4
214 E 211 5
211 E 214 5
211 A 216 1
216 A 211 1
211 B 216 2
216 B 211 2
211 C 216 3
216 C 211 3
211 D 216 4
216 D 211 4
211 E 216 5
216 E 211 5
216 A 214 1
214 A 216 1
216 B 214 2
214 B 216 2
216 C 214 3
214 C 216 3
216 D 214 4
214 D 216 4
216 E 214 5
214 E 216 5
208 A 214 1
214 A 208 1
208 B 214 2
214 B 208 2
208 C 214 3
214 C 208 3
208 D 214 4
214 D 208 4
208 E 214 5
214 E 208 5
214 A 215 1
215 A 214 1
214 B 215 2
215 B 214 2
214 C 215 3
215 C 214 3
214 D 215 4
215 D 214 4
214 E 215 5
215 E 214 5
215 A 208 1
208 A 215 1
215 B 208 2
208 B 215 2
215 C 208 3
208 C 215 3
215 D 208 4
208 D 215 4
215 E 208 5
208 E 215 5
215 A 216 1
216 A 215 1
215 B 216 2
216 B 215 2
215 C 216 3
216 C 215 3
215 D 216 4
216 D 215 4
215 E 216 5
216 E 215 5
216 A 213 1
213 A 216 1
216 B 213 2
213 B 216 2
216 C 213 3
213 C 216 3
216 D 213 4
213 D 216 4
216 E 213 5
213 E 216 5
213 A 215 1
215 A 213 1
213 B 215 2
215 B 213 2
213 C 215 3
215 C 213 3
213 D 215 4
215 D 213 4
213 E 215 5
215 E 213 5
217 A 128 1
128 A 217 1
217 B 128 2
128 B 217 2
217 C 128 3
128 C 217 3
217 D 128 4
128 D 217 4
217 E 128 5
128 E 217 5
128 A 219 1
219 A 128 1
128 B 219 2
219 B 128 2
128 C 219 3
219 C 128 3
128 D 219 4
219 D 128 4
128 E 219 5
219 E 128 5
219 A 217 1
217 A 219 1
219 B 217 2
217 B 219 2
219 C 217 3
217 C 219 3
219 D 217 4
217 D 219 4
219 E 217 5
217 E 219 5
211 A 217 1
217 A 211 1
211 B 217 2
217 B 211 2
211 C 217 3
217 C 211 3
211 D 217 4
217 D 211 4
211 E 217 5
217 E 211 5
217 A 218 1
218 A 217 1
217 B 218 2
218 B 217 2
217 C 218 3
218 C 217 3
217 D 218 4
218 D 217 4
217 E 218 5
218 E 217 5
218 A 211 1
211 A 218 1
218 B 211 2
211 B 218 2
218 C 211 3
211 C 218 3
218 D 211 4
211 D 218 4
218 E 211 5
211 E 218 5
218 A 219 1
219 A 218 1
218 B 219 2
219 B 218 2
218 C 219 3
219 C 218 3
218 D 219 4
219 D 218 4
218 E 219 5
219 E 218 5
219 A 212 1
212 A 219 1
219 B 212 2
212 B 219 2
219 C 212 3
212 C 219 3
219 D 212 4
212 D 219 4
219 E 212 5
212 E 219 5
212 A 218 1
218 A 212 1
212 B 218 2
218 B 212 2
212 C 218 3
218 C 212 3
212 D 218 4
218 D 212 4
212 E 218 5
218 E 212 5
220 A 212 1
212 A 220 1
220 B 212 2
212 B 220 2
220 C 212 3
212 C 220 3
220 D 212 4
212 D 220 4
220 E 212 5
212 E 220 5
212 A 222 1
222 A 212 1
212 B 222 2
222 B 212 2
212 C 222 3
222 C 212 3
212 D 222 4
222 D 212 4
212 E 222 5
222 E 212 5
222 A 220 1
220 A 222 1
222 B 220 2
220 B 222 2
222 C 220 3
220 C 222 3
222 D 220 4
220 D 222 4
222 E 220 5
220 E 222 5
213 A 220 1
220 A 213 1
213 B 220 2
220 B 213 2
213 C 220 3
220 C 213 3
213 D 220 4
220 D 213 4
213 E 220 5
220 E 213 5
220 A 221 1
221 A 220 1
220 B 221 2
221 B 220 2
220 C 221 3
221 C 220 3
220 D 221 4
221 D 220 4
220 E 221 5
221 E 220 5
221 A 213 1
213 A 221 1
221 B 213 2
213 B 221 2
221 C 213 3
213 C 221 3
221 D 213 4
213 D 221 4
221 E 213 5
213 E 221 5
221 A 222 1
222 A 221 1
221 B 222 2
222 B 221 2
221 C 222 3
222 C 221 3
221 D 222 4
222 D 221 4
221 E 222 5
222 E 221 5
222 A 210 1
210 A 222 1
222 B 210 2
210 B 222 2
222 C 210 3
210 C 222 3
222 D 210 4
210 D 222 4
222 E 210 5
210 E 222 5
210 A 221 1
221 A 210 1
210 B 221 2
221 B 210 2
210 C 221 3
221 C 210 3
210 D 221 4
221 D 210 4
210 E 221 5
221 E 210 5
226 A 223 1
223 A 226 1
226 B 223 2
223 B 226 2
226 C 223 3
223 C 226 3
226 D 223 4
223 D 226 4
226 E 223 5
223 E 226 5
223 A 228 1
228 A 223 1
223 B 228 2
228 B 223 2
223 C 228 3
228 C 223 3
223 D 228 4
228 D 223 4
223 E 228 5
228 E 223 5
228 A 226 1
226 A 228 1
228 B 226 2
226 B 228 2
228 C 226 3
226 C 228 3
228 D 226 4
226 D 228 4
228 E 226 5
226 E 228 5
129 A 226 1
226 A 129 1
129 B 226 2
226 B 129 2
129 C 226 3
226 C 129 3
129 D 226 4
226 D 129 4
129 E 226 5
226 E 129 5
226 A 227 1
227 A 226 1
226 B 227 2
227 B 226 2
226 C 227 3
227 C 226 3
226 D 227 4
227 D 226 4
226 E 227 5
227 E 226 5
227 A 129 1
129 A 227 1
227 B 129 2
129 B 227 2
227 C 129 3
129 C 227 3
227 D 129 4
129 D 227 4
227 E 129 5
129 E 227 5
227 A 228 1
228 A 227 1
227 B 228 2
228 B 227 2
227 C 228 3
228 C 227 3
227 D 228 4
228 D 227 4
227 E 228 5
228 E 227 5
228 A 225 1
225 A 228 1
228 B 225 2
225 B 228 2
228 C 225 3
225 C 228 3
228 D 225 4
225 D 228 4
228 E 225 5
225 E 228 5
225 A 227 1
227 A 225 1
225 B 227 2
227 B 225 2
225 C 227 3
227 C 225 3
225 D 227 4
227 D 225 4
225 E 227 5
227 E 225 5
229 A 208 1
208 A 229 1
229 B 208 2
208 B 229 2
229 C 208 3
208 C 229 3
229 D 208 4
208 D 229 4
229 E 208 5
208 E 229 5
208 A 231 1
231 A 208 1
208 B 231 2
231 B 208 2
208 C 231 3
231 C 208 3
208 D 231 4
231 D 208 4
208 E 231 5
231 E 208 5
231 A 229 1
229 A 231 1
231 B 229 2
229 B 231 2
231 C 229 3
229 C 231 3
231 D 229 4
229 D 231 4
231 E 229 5
229 E 231 5
223 A 229 1
229 A 223 1
223 B 229 2
229 B 223 2
223 C 229 3
229 C 223 3
223 D 229 4
229 D 223 4
223 E 229 5
229 E 223 5
229 A 230 1
230 A 229 1
229 B 230 2
230 B 229 2
229 C 230 3
230 C 229 3
229 D 230 4
230 D 229 4
229 E 230 5
230 E 229 5
230 A 223 1
223 A 230 1
230 B 223 2
223 B 230 2
230 C 223 3
223 C 230 3
230 D 223 4
223 D 230 4
230 E 223 5
223 E 230 5
230 A 231 1
231 A 230 1
230 B 231 2
231 B 230 2
230 C 231 3
231 C 230 3
230 D 231 4
231 D 230 4
230 E 231 5
231 E 230 5
231 A 224 1
224 A 231 1
231 B 224 2
224 B 231 2
231 C 224 3
224 C 231 3
231 D 224 4
224 D 231 4
231 E 224 5
224 E 231 5
224 A 230 1
230 A 224 1
224 B 230 2
230 B 224 2
224 C 230 3
230 C 224 3
224 D 230 4
230 D 224 4
224 E 230 5
230 E 224 5
232 A 224 1
224 A 232 1
232 B 224 2
224 B 232 2
232 C 224 3
224 C 232 3
232 D 224 4
224 D 232 4
232 E 224 5
224 E 232 5
224 A 234 1
234 A 224 1
224 B 234 2
234 B 224 2
224 C 234 3
234 C 224 3
224 D 234 4
234 D 224 4
224 E 234 5
234 E 224 5
234 A 232 1
232 A 234 1
234 B 232 2
232 B 234 2
234 C 232 3
232 C 234 3
234 D 232 4
232 D 234 4
234 E 232 5
232 E 234 5
225 A 232 1
232 A 225 1
225 B 232 2
232 B 225 2
225 C 232 3
232 C 225 3
225 D 232 4
232 D 225 4
225 E 232 5
232 E 225 5
232 A 233 1
233 A 232 1
232 B 233 2
233 B 232 2
232 C 233 3
233 C 232 3
232 D 233 4
233 D 232 4
232 E 233 5
233 E 232 5
233 A 225 1
225 A 233 1
233 B 225 2
225 B 233 2
233 C 225 3
225 C 233 3
233 D 225 4
225 D 233 4
233 E 225 5
225 E 233 5
233 A 234 1
234 A 233 1
233 B 234 2
234 B 233 2
233 C 234 3
234 C 233 3
233 D 234 4
234 D 233 4
233 E 234 5
234 E 233 5
234 A 209 1
209 A 234 1
234 B 209 2
209 B 234 2
234 C 209 3
209 C 234 3
234 D 209 4
209 D 234 4
234 E 209 5
209 E 234 5
209 A 233 1
233 A 209 1
209 B 233 2
233 B 209 2
209 C 233 3
233 C 209 3
209 D 233 4
233 D 209 4
209 E 233 5
233 E 209 5
238 A 235 1
235 A 238 1
238 B 235 2
235 B 238 2
238 C 235 3
235 C 238 3
238 D 235 4
235 D 238 4
238 E 235 5
235 E 238 5
235 A 240 1
240 A 235 1
235 B 240 2
240 B 235 2
235 C 240 3
240 C 235 3
235 D 240 4
240 D 235 4
235 E 240 5
240 E 235 5
240 A 238 1
238 A 240 1
240 B 238 2
238 B 240 2
240 C 238 3
238 C 240 3
240 D 238 4
238 D 240 4
240 E 238 5
238 E 240 5
209 A 238 1
238 A 209 1
209 B 238 2
238 B 209 2
209 C 238 3
238 C 209 3
209 D 238 4
238 D 209 4
209 E 238 5
238 E 209 5
238 A 239 1
239 A 238 1
238 B 239 2
239 B 238 2
238 C 239 3
239 C 238 3
238 D 239 4
239 D 238 4
238 E 239 5
239 E 238 5
239 A 209 1
209 A 239 1
239 B 209 2
209 B 239 2
239 C 209 3
209 C 239 3
239 D 209 4
209 D 239 4
239 E 209 5
209 E 239 5
239 A 240 1
240 A 239 1
239 B 240 2
240 B 239 2
239 C 240 3
240 C 239 3
239 D 240 4
240 D 239 4
239 E 240 5
240 E 239 5
240 A 237 1
237 A 240 1
240 B 237 2
237 B 240 2
240 C 237 3
237 C 240 3
240 D 237 4
237 D 240 4
240 E 237 5
237 E 240 5
237 A 239 1
239 A 237 1
237 B 239 2
239 B 237 2
237 C 239 3
239 C 237 3
237 D 239 4
239 D 237 4
237 E 239 5
239 E 237 5
241 A 210 1
210 A 241 1
241 B 210 2
210 B 241 2
241 C 210 3
210 C 241 3
241 D 210 4
210 D 241 4
241 E 210 5
210 E 241 5
210 A 243 1
243 A 210 1
210 B 243 2
243 B 210 2
210 C 243 3
243 C 210 3
210 D 243 4
243 D 210 4
210 E 243 5
243 E 210 5
243 A 241 1
241 A 243 1
243 B 241 2
241 B 243 2
243 C 241 3
241 C 243 3
243 D 241 4
241 D 243 4
243 E 241 5
241 E 243 5
235 A 241 1
241 A 235 1
235 B 241 2
241 B 235 2
235 C 241 3
241 C 235 3
235 D 241 4
241 D 235 4
235 E 241 5
241 E 235 5
241 A 242 1
242 A 241 1
241 B 242 2
242 B 241 2
241 C 242 3
242 C 241 3
241 D 242 4
242 D 241 4
241 E 242 5
242 E 241 5
242 A 235 1
235 A 242 1
242 B 235 2
235 B 242 2
242 C 235 3
235 C 242 3
242 D 235 4
235 D 242 4
242 E 235 5
235 E 242 5
242 A 243 1
243 A 242 1
242 B 243 2
243 B 242 2
242 C 243 3
243 C 242 3
242 D 243 4
243 D 242 4
242 E 243 5
243 E 242 5
243 A 236 1
236 A 243 1
243 B 236 2
236 B 243 2
243 C 236 3
236 C 243 3
243 D 236 4
236 D 243 4
243 E 236 5
236 E 243 5
236 A 242 1
242 A 236 1
236 B 242 2
242 B 236 2
236 C 242 3
242 C 236 3
236 D 242 4
242 D 236 4
236 E 242 5
242 E 236 5
244 A 236 1
236 A 244 1
244 B 236 2
236 B 244 2
244 C 236 3
236 C 244 3
244 D 236 4
236 D 244 4
244 E 236 5
236 E 244 5
236 A 246 1
246 A 236 1
236 B 246 2
246 B 236 2
236 C 246 3
246 C 236 3
236 D 246 4
246 D 236 4
236 E 246 5
246 E 236 5
246 A 244 1
244 A 246 1
246 B 244 2
244 B 246 2
246 C 244 3
244 C 246 3
246 D 244 4
244 D 246 4
246 E 244 5
244 E 246 5
237 A 244 1
244 A 237 1
237 B 244 2
244 B 237 2
237 C 244 3
244 C 237 3
237 D 244 4
244 D 237 4
237 E 244 5
244 E 237 5
244 A 245 1
245 A 244 1
244 B 245 2
245 B 244 2
244 C 245 3
245 C 244 3
244 D 245 4
245 D 244 4
244 E 245 5
245 E 244 5
245 A 237 1
237 A 245 1
245 B 237 2
237 B 245 2
245 C 237 3
237 C 245 3
245 D 237 4
237 D 245 4
245 E 237 5
237 E 245 5
245 A 246 1
246 A 245 1
245 B 246 2
246 B 245 2
245 C 246 3
246 C 245 3
245 D 246 4
246 D 245 4
245 E 246 5
246 E 245 5
246 A 5 1
5 A 246 1
246 B 5 2
5 B 246 2
246 C 5 3
5 C 246 3
246 D 5 4
5 D 246 4
246 E 5 5
5 E 246 5
5 A 245 1
245 A 5 1
5 B 245 2
245 B 5 2
5 C 245 3
245 C 5 3
5 D 245 4
245 D 5 4
5 E 245 5
245 E 5 5
256 A 253 1
253 A 256 1
256 B 253 2
253 B 256 2
256 C 253 3
253 C 256 3
256 D 253 4
253 D 256 4
256 E 253 5
253 E 256 5
253 A 258 1
258 A 253 1
253 B 258 2
258 B 253 2
253 C 258 3
258 C 253 3
253 D 258 4
258 D 253 4
253 E 258 5
258 E 253 5
258 A 256 1
256 A 258 1
258 B 256 2
256 B 258 2
258 C 256 3
256 C 258 3
258 D 256 4
256 D 258 4
258 E 256 5
256 E 258 5
250 A 256 1
256 A 250 1
250 B 256 2
256 B 250 2
250 C 256 3
256 C 250 3
250 D 256 4
256 D 250 4
250 E 256 5
256 E 250 5
256 A 257 1
257 A 256 1
256 B 257 2
257 B 256 2
256 C 257 3
257 C 256 3
256 D 257 4
257 D 256 4
256 E 257 5
257 E 256 5
257 A 250 1
250 A 257 1
257 B 250 2
250 B 257 2
257 C 250 3
250 C 257 3
257 D 250 4
250 D 257 4
257 E 250 5
250 E 257 5
257 A 258 1
258 A 257 1
257 B 258 2
258 B 257 2
257 C 258 3
258 C 257 3
257 D 258 4
258 D 257 4
257 E 258 5
258 E 257 5
258 A 255 1
255 A 258 1
258 B 255 2
255 B 258 2
258 C 255 3
255 C 258 3
258 D 255 4
255 D 258 4
258 E 255 5
255 E 258 5
255 A 257 1
257 A 255 1
255 B 257 2
257 B 255 2
255 C 257 3
257 C 255 3
255 D 257 4
257 D 255 4
255 E 257 5
257 E 255 5
259 A 247 1
247 A 259 1
259 B 247 2
247 B 259 2
259 C 247 3
247 C 259 3
259 D 247 4
247 D 259 4
259 E 247 5
247 E 259 5
247 A 261 1
261 A 247 1
247 B 261 2
261 B 247 2
247 C 261 3
261 C 247 3
247 D 261 4
261 D 247 4
247 E 261 5
261 E 247 5
261 A 259 1
259 A 261 1
261 B 259 2
259 B 261 2
261 C 259 3
259 C 261 3
261 D 259 4
259 D 261 4
261 E 259 5
259 E 261 5
253 A 259 1
259 A 253 1
253 B 259 2
259 B 253 2
253 C 259 3
259 C 253 3
253 D 259 4
259 D 253 4
253 E 259 5
259 E 253 5
259 A 260 1
260 A 259 1
259 B 260 2
260 B 259 2
259 C 260 3
260 C 259 3
259 D 260 4
260 D 259 4
259 E 260 5
260 E 259 5
260 A 253 1
253 A 260 1
260 B 253 2
253 B 260 2
260 C 253 3
253 C 260 3
260 D 253 4
253 D 260 4
260 E 253 5
253 E 260 5
260 A 261 1
261 A 260 1
260 B 261 2
261 B 260 2
260 C 261 3
261 C 260 3
260 D 261 4
261 D 260 4
260 E 261 5
261 E 260 5
261 A 254 1
254 A 261 1
261 B 254 2
254 B 261 2
261 C 254 3
254 C 261 3
261 D 254 4
254 D 261 4
261 E 254 5
254 E 261 5
254 A 260 1
260 A 254 1
254 B 260 2
260 B 254 2
254 C 260 3
260 C 254 3
254 D 260 4
260 D 254 4
254 E 260 5
260 E 254 5
262 A 254 1
254 A 262 1
262 B 254 2
254 B 262 2
262 C 254 3
254 C 262 3
262 D 254 4
254 D 262 4
262 E 254 5
254 E 262 5
254 A 264 1
264 A 254 1
254 B 264 2
264 B 254 2
254 C 264 3
264 C 254 3
254 D 264 4
264 D 254 4
254 E 264 5
264 E 254 5
264 A 262 1
262 A 264 1
264 B 262 2
262 B 264 2
264 C 262 3
262 C 264 3
264 D 262 4
262 D 264 4
264 E 262 5
262 E 264 5
255 A 262 1
262 A 255 1
255 B 262 2
262 B 255 2
255 C 262 3
262 C 255 3
255 D 262 4
262 D 255 4
255 E 262 5
262 E 255 5
262 A 263 1
263 A 262 1
262 B 263 2
263 B 262 2
262 C 263 3
263 C 262 3
262 D 263 4
263 D 262 4
262 E 263 5
263 E 262 5
263 A 255 1
255 A 263 1
263 B 255 2
255 B 263 2
263 C 255 3
255 C 263 3
263 D 255 4
255 D 263 4
263 E 255 5
255 E 263 5
263 A 264 1
264 A 263 1
263 B 264 2
264 B 263 2
263 C 264 3
264 C 263 3
263 D 264 4
264 D 263 4
263 E 264 5
264 E 263 5
264 A 252 1
252 A 264 1
264 B 252 2
252 B 264 2
264 C 252 3
252 C 264 3
264 D 252 4
252 D 264 4
264 E 252 5
252 E 264 5
252 A 263 1
263 A 252 1
252 B 263 2
263 B 252 2
252 C 263 3
263 C 252 3
252 D 263 4
263 D 252 4
252 E 263 5
263 E 252 5
268 A 265 1
265 A 268 1
268 B 265 2
265 B 268 2
268 C 265 3
265 C 268 3
268 D 265 4
265 D 268 4
268 E 265 5
265 E 268 5
265 A 270 1
270 A 265 1
265 B 270 2
270 B 265 2
265 C 270 3
270 C 265 3
265 D 270 4
270 D 265 4
265 E 270 5
270 E 265 5
270 A 268 1
268 A 270 1
270 B 268 2
268 B 270 2
270 C 268 3
268 C 270 3
270 D 268 4
268 D 270 4
270 E 268 5
268 E 270 5
5 A 268 1
268 A 5 1
5 B 268 2
268 B 5 2
5 C 268 3
268 C 5 3
5 D 268 4
268 D 5 4
5 E 268 5
268 E 5 5
268 A 269 1
269 A 268 1
268 B 269 2
269 B 268 2
268 C 269 3
269 C 268 3
268 D 269 4
269 D 268 4
268 E 269 5
269 E 268 5
269 A 5 1
5 A 269 1
269 B 5 2
5 B 269 2
269 C 5 3
5 C 269 3
269 D 5 4
5 D 269 4
269 E 5 5
5 E 269 5
269 A 270 1
270 A 269 1
269 B 270 2
270 B 269 2
269 C 270 3
270 C 269 3
269 D 270 4
270 D 269 4
269 E 270 5
270 E 269 5
270 A 267 1
267 A 270 1
270 B 267 2
267 B 270 2
270 C 267 3
267 C 270 3
270 D 267 4
267 D 270 4
270 E 267 5
267 E 270 5
267 A 269 1
269 A 267 1
267 B 269 2
269 B 267 2
267 C 269 3
269 C 267 3
267 D 269 4
269 D 267 4
267 E 269 5
269 E 267 5
271 A 250 1
250 A 271 1
271 B 250 2
250 B 271 2
271 C 250 3
250 C 271 3
271 D 250 4
250 D 271 4
271 E 250 5
250 E 271 5
250 A 273 1
273 A 250 1
250 B 273 2
273 B 250 2
250 C 273 3
273 C 250 3
250 D 273 4
273 D 250 4
250 E 273 5
273 E 250 5
273 A 271 1
271 A 273 1
273 B 271 2
271 B 273 2
273 C 271 3
271 C 273 3
273 D 271 4
271 D 273 4
273 E 271 5
271 E 273 5
265 A 271 1
271 A 265 1
265 B 271 2
271 B 265 2
265 C 271 3
271 C 265 3
265 D 271 4
271 D 265 4
265 E 271 5
271 E 265 5
271 A 272 1
272 A 271 1
271 B 272 2
272 B 271 2
271 C 272 3
272 C 271 3
271 D 272 4
272 D 271 4
271 E 272 5
272 E 271 5
272 A 265 1
265 A 272 1
272 B 265 2
265 B 272 2
272 C 265 3
265 C 272 3
272 D 265 4
265 D 272 4
272 E 265 5
265 E 272 5
272 A 273 1
273 A 272 1
272 B 273 2
273 B 272 2
272 C 273 3
273 C 272 3
272 D 273 4
273 D 272 4
272 E 273 5
273 E 272 5
273 A 266 1
266 A 273 1
273 B 266 2
266 B 273 2
273 C 266 3
266 C 273 3
273 D 266 4
266 D 273 4
273 E 266 5
266 E 273 5
266 A 272 1
272 A 266 1
266 B 272 2
272 B 266 2
266 C 272 3
272 C 266 3
266 D 272 4
272 D 266 4
266 E 272 5
272 E 266 5
274 A 266 1
266 A 274 1
274 B 266 2
266 B 274 2
274 C 266 3
266 C 274 3
274 D 266 4
266 D 274 4
274 E 266 5
266 E 274 5
266 A 276 1
276 A 266 1
266 B 276 2
276 B 266 2
266 C 276 3
276 C 266 3
266 D 276 4
276 D 266 4
266 E 276 5
276 E 266 5
276 A 274 1
274 A 276 1
276 B 274 2
274 B 276 2
276 C 274 3
274 C 276 3
276 D 274 4
274 D 276 4
276 E 274 5
274 E 276 5
267 A 274 1
274 A 267 1
267 B 274 2
274 B 267 2
267 C 274 3
274 C 267 3
267 D 274 4
274 D 267 4
267 E 274 5
274 E 267 5
274 A 275 1
275 A 274 1
274 B 275 2
275 B 274 2
274 C 275 3
275 C 274 3
274 D 275 4
275 D 274 4
274 E 275 5
275 E 274 5
275 A 267 1
267 A 275 1
275 B 267 2
267 B 275 2
275 C 267 3
267 C 275 3
275 D 267 4
267 D 275 4
275 E 267 5
267 E 275 5
275 A 276 1
276 A 275 1
275 B 276 2
276 B 275 2
275 C 276 3
276 C 275 3
275 D 276 4
276 D 275 4
275 E 276 5
276 E 275 5
276 A 251 1
251 A 276 1
276 B 251 2
251 B 276 2
276 C 251 3
251 C 276 3
276 D 251 4
251 D 276 4
276 E 251 5
251 E 276 5
251 A 275 1
275 A 251 1
251 B 275 2
275 B 251 2
251 C 275 3
275 C 251 3
251 D 275 4
275 D 251 4
251 E 275 5
275 E 251 5
280 A 277 1
277 A 280 1
280 B 277 2
277 B 280 2
280 C 277 3
277 C 280 3
280 D 277 4
277 D 280 4
280 E 277 5
277 E 280 5
277 A 282 1
282 A 277 1
277 B 282 2
282 B 277 2
277 C 282 3
282 C 277 3
277 D 282 4
282 D 277 4
277 E 282 5
282 E 277 5
282 A 280 1
280 A 282 1
282 B 280 2
280 B 282 2
282 C 280 3
280 C 282 3
282 D 280 4
280 D 282 4
282 E 280 5
280 E 282 5
251 A 280 1
280 A 251 1
251 B 280 2
280 B 251 2
251 C 280 3
280 C 251 3
251 D 280 4
280 D 251 4
251 E 280 5
280 E 251 5
280 A 281 1
281 A 280 1
280 B 281 2
281 B 280 2
280 C 281 3
281 C 280 3
280 D 281 4
281 D 280 4
280 E 281 5
281 E 280 5
281 A 251 1
251 A 281 1
281 B 251 2
251 B 281 2
281 C 251 3
251 C 281 3
281 D 251 4
251 D 281 4
281 E 251 5
251 E 281 5
281 A 282 1
282 A 281 1
281 B 282 2
282 B 281 2
281 C 282 3
282 C 281 3
281 D 282 4
282 D 281 4
281 E 282 5
282 E 281 5
282 A 279 1
279 A 282 1
282 B 279 2
279 B 282 2
282 C 279 3
279 C 282 3
282 D 279 4
279 D 282 4
282 E 279 5
279 E 282 5
279 A 281 1
281 A 279 1
279 B 281 2
281 B 279 2
279 C 281 3
281 C 279 3
279 D 281 4
281 D 279 4
279 E 281 5
281 E 279 5
283 A 252 1
252 A 283 1
283 B 252 2
252 B 283 2
283 C 252 3
252 C 283 3
283 D 252 4
252 D 283 4
283 E 252 5
252 E 283 5
252 A 285 1
285 A 252 1
252 B 285 2
285 B 252 2
252 C 285 3
285 C 252 3
252 D 285 4
285 D 252 4
252 E 285 5
285 E 252 5
285 A 283 1
283 A 285 1
285 B 283 2
283 B 285 2
285 C 283 3
283 C 285 3
285 D 283 4
283 D 285 4
285 E 283 5
283 E 285 5
277 A 283 1
283 A 277 1
277 B 283 2
283 B 277 2
277 C 283 3
283 C 277 3
277 D 283 4
283 D 277 4
277 E 283 5
283 E 277 5
283 A 284 1
284 A 283 1
283 B 284 2
284 B 283 2
283 C 284 3
284 C 283 3
283 D 284 4
284 D 283 4
283 E 284 5
284 E 283 5
284 A 277 1
277 A 284 1
284 B 277 2
277 B 284 2
284 C 277 3
277 C 284 3
284 D 277 4
277 D 284 4
284 E 277 5
277 E 284 5
284 A 285 1
285 A 284 1
284 B 285 2
285 B 284 2
284 C 285 3
285 C 284 3
284 D 285 4
285 D 284 4
284 E 285 5
285 E 284 5
285 A 278 1
278 A 285 1
285 B 278 2
278 B 285 2
285 C 278 3
278 C 285 3
285 D 278 4
278 D 285 4
285 E 278 5
278 E 285 5
278 A 284 1
284 A 278 1
278 B 284 2
284 B 278 2
278 C 284 3
284 C 278 3
278 D 284 4
284 D 278 4
278 E 284 5
284 E 278 5
286 A 278 1
278 A 286 1
286 B 278 2
278 B 286 2
286 C 278 3
278 C 286 3
286 D 278 4
278 D 286 4
286 E 278 5
278 E 286 5
278 A 288 1
288 A 278 1
278 B 288 2
288 B 278 2
278 C 288 3
288 C 278 3
278 D 288 4
288 D 278 4
278 E 288 5
288 E 278 5
288 A 286 1
286 A 288 1
288 B 286 2
286 B 288 2
288 C 286 3
286 C 288 3
288 D 286 4
286 D 288 4
288 E 286 5
286 E 288 5
279 A 286 1
286 A 279 1
279 B 286 2
286 B 279 2
279 C 286 3
286 C 279 3
279 D 286 4
286 D 279 4
279 E 286 5
286 E 279 5
286 A 287 1
287 A 286 1
286 B 287 2
287 B 286 2
286 C 287 3
287 C 286 3
286 D 287 4
287 D 286 4
286 E 287 5
287 E 286 5
287 A 279 1
279 A 287 1
287 B 279 2
279 B 287 2
287 C 279 3
279 C 287 3
287 D 279 4
279 D 287 4
287 E 279 5
279 E 287 5
287 A 288 1
288 A 287 1
287 B 288 2
288 B 287 2
287 C 288 3
288 C 287 3
287 D 288 4
288 D 287 4
287 E 288 5
288 E 287 5
288 A 249 1
249 A 288 1
288 B 249 2
249 B 288 2
288 C 249 3
249 C 288 3
288 D 249 4
249 D 288 4
288 E 249 5
249 E 288 5
249 A 287 1
287 A 249 1
249 B 287 2
287 B 249 2
249 C 287 3
287 C 249 3
249 D 287 4
287 D 249 4
249 E 287 5
287 E 249 5
295 A 292 1
292 A 295 1
295 B 292 2
292 B 295 2
295 C 292 3
292 C 295 3
295 D 292 4
292 D 295 4
295 E 292 5
292 E 295 5
292 A 297 1
297 A 292 1
292 B 297 2
297 B 292 2
292 C 297 3
297 C 292 3
292 D 297 4
297 D 292 4
292 E 297 5
297 E 292 5
297 A 295 1
295 A 297 1
297 B 295 2
295 B 297 2
297 C 295 3
295 C 297 3
297 D 295 4
295 D 297 4
297 E 295 5
295 E 297 5
289 A 295 1
295 A 289 1
289 B 295 2
295 B 289 2
289 C 295 3
295 C 289 3
289 D 295 4
295 D 289 4
289 E 295 5
295 E 289 5
295 A 296 1
296 A 295 1
295 B 296 2
296 B 295 2
295 C 296 3
296 C 295 3
295 D 296 4
296 D 295 4
295 E 296 5
296 E 295 5
296 A 289 1
289 A 296 1
296 B 289 2
289 B 296 2
296 C 289 3
289 C 296 3
296 D 289 4
289 D 296 4
296 E 289 5
289 E 296 5
296 A 297 1
297 A 296 1
296 B 297 2
297 B 296 2
296 C 297 3
297 C 296 3
296 D 297 4
297 D 296 4
296 E 297 5
297 E 296 5
297 A 294 1
294 A 297 1
297 B 294 2
294 B 297 2
297 C 294 3
294 C 297 3
297 D 294 4
294 D 297 4
297 E 294 5
294 E 297 5
294 A 296 1
296 A 294 1
294 B 296 2
296 B 294 2
294 C 296 3
296 C 294 3
294 D 296 4
296 D 294 4
294 E 296 5
296 E 294 5
298 A 6 1
6 A 298 1
298 B 6 2
6 B 298 2
298 C 6 3
6 C 298 3
298 D 6 4
6 D 298 4
298 E 6 5
6 E 298 5
6 A 300 1
300 A 6 1
6 B 300 2
300 B 6 2
6 C 300 3
300 C 6 3
6 D 300 4
300 D 6 4
6 E 300 5
300 E 6 5
300 A 298 1
298 A 300 1
300 B 298 2
298 B 300 2
300 C 298 3
298 C 300 3
300 D 298 4
298 D 300 4
300 E 298 5
298 E 300 5
292 A 298 1
298 A 292 1
292 B 298 2
298 B 292 2
292 C 298 3
298 C 292 3
292 D 298 4
298 D 292 4
292 E 298 5
298 E 292 5
298 A 299 1
299 A 298 1
298 B 299 2
299 B 298 2
298 C 299 3
299 C 298 3
298 D 299 4
299 D 298 4
298 E 299 5
299 E 298 5
299 A 292 1
292 A 299 1
299 B 292 2
292 B 299 2
299 C 292 3
292 C 299 3
299 D 292 4
292 D 299 4
299 E 292 5
292 E 299 5
299 A 300 1
300 A 299 1
299 B 300 2
300 B 299 2
299 C 300 3
300 C 299 3
299 D 300 4
300 D 299 4
299 E 300 5
300 E 299 5
300 A 293 1
293 A 300 1
300 B 293 2
293 B 300 2
300 C 293 3
293 C 300 3
300 D 293 4
293 D 300 4
300 E 293 5
293 E 300 5
293 A 299 1
299 A 293 1
293 B 299 2
299 B 293 2
293 C 299 3
299 C 293 3
293 D 299 4
299 D 293 4
293 E 299 5
299 E 293 5
301 A 293 1
293 A 301 1
301 B 293 2
293 B 301 2
301 C 293 3
293 C 301 3
301 D 293 4
293 D 301 4
301 E 293 5
293 E 301 5
293 A 303 1
303 A 293 1
293 B 303 2
303 B 293 2
293 C 303 3
303 C 293 3
293 D 303 4
303 D 293 4
293 E 303 5
303 E 293 5
303 A 301 1
301 A 303 1
303 B 301 2
301 B 303 2
303 C 301 3
301 C 303 3
303 D 301 4
301 D 303 4
303 E 301 5
301 E 303 5
294 A 301 1
301 A 294 1
294 B 301 2
301 B 294 2
294 C 301 3
301 C 294 3
294 D 301 4
301 D 294 4
294 E 301 5
301 E 294 5
301 A 302 1
302 A 301 1
301 B 302 2
302 B 301 2
301 C 302 3
302 C 301 3
301 D 302 4
302 D 301 4
301 E 302 5
302 E 301 5
302 A 294 1
294 A 302 1
302 B 294 2
294 B 302 2
302 C 294 3
294 C 302 3
302 D 294 4
294 D 302 4
302 E 294 5
294 E 302 5
302 A 303 1
303 A 302 1
302 B 303 2
303 B 302 2
302 C 303 3
303 C 302 3
302 D 303 4
303 D 302 4
302 E 303 5
303 E 302 5
303 A 291 1
291 A 303 1
303 B 291 2
291 B 303 2
303 C 291 3
291 C 303 3
303 D 291 4
291 D 303 4
303 E 291 5
291 E 303 5
291 A 302 1
302 A 291 1
291 B 302 2
302 B 291 2
291 C 302 3
302 C 291 3
291 D 302 4
302 D 291 4
291 E 302 5
302 E 291 5
307 A 304 1
304 A 307 1
307 B 304 2
304 B 307 2
307 C 304 3
304 C 307 3
307 D 304 4
304 D 307 4
307 E 304 5
304 E 307 5
304 A 309 1
309 A 304 1
304 B 309 2
309 B 304 2
304 C 309 3
309 C 304 3
304 D 309 4
309 D 304 4
304 E 309 5
309 E 304 5
309 A 307 1
307 A 309 1
309 B 307 2
307 B 309 2
309 C 307 3
307 C 309 3
309 D 307 4
307 D 309 4
309 E 307 5
307 E 309 5
247 A 307 1
307 A 247 1
247 B 307 2
307 B 247 2
247 C 307 3
307 C 247 3
247 D 307 4
307 D 247 4
247 E 307 5
307 E 247 5
307 A 308 1
308 A 307 1
307 B 308 2
308 B 307 2
307 C 308 3
308 C 307 3
307 D 308 4
308 D 307 4
307 E 308 5
308 E 307 5
308 A 247 1
247 A 308 1
308 B 247 2
247 B 308 2
308 C 247 3
247 C 308 3
308 D 247 4
247 D 308 4
308 E 247 5
247 E 308 5
308 A 309 1
309 A 308 1
308 B 309 2
309 B 308 2
308 C 309 3
309 C 308 3
308 D 309 4
309 D 308 4
308 E 309 5
309 E 308 5
309 A 306 1
306 A 309 1
309 B 306 2
306 B 309 2
309 C 306 3
306 C 309 3
309 D 306 4
306 D 309 4
309 E 306 5
306 E 309 5
306 A 308 1
308 A 306 1
306 B 308 2
308 B 306 2
306 C 308 3
308 C 306 3
306 D 308 4
308 D 306 4
306 E 308 5
308 E 306 5
310 A 289 1
289 A 310 1
310 B 289 2
289 B 310 2
310 C 289 3
289 C 310 3
310 D 289 4
289 D 310 4
310 E 289 5
289 E 310 5
289 A 312 1
312 A 289 1
289 B 312 2
312 B 289 2
289 C 312 3
312 C 289 3
289 D 312 4
312 D 289 4
289 E 312 5
312 E 289 5
312 A 310 1
310 A 312 1
312 B 310 2
310 B 312 2
312 C 310 3
310 C 312 3
312 D 310 4
310 D 312 4
312 E 310 5
310 E 312 5
304 A 310 1
310 A 304 1
304 B 310 2
310 B 304 2
304 C 310 3
310 C 304 3
304 D 310 4
310 D 304 4
304 E 310 5
310 E 304 5
310 A 311 1
311 A 310 1
310 B 311 2
311 B 310 2
310 C 311 3
311 C 310 3
310 D 311 4
311 D 310 4
310 E 311 5
311 E 310 5
311 A 304 1
304 A 311 1
311 B 304 2
304 B 311 2
311 C 304 3
304 C 311 3
311 D 304 4
304 D 311 4
311 E 304 5
304 E 311 5
311 A 312 1
312 A 311 1
311 B 312 2
312 B 311 2
311 C 312 3
312 C 311 3
311 D 312 4
312 D 311 4
311 E 312 5
312 E 311 5
312 A 305 1
305 A 312 1
312 B 305 2
305 B 312 2
312 C 305 3
305 C 312 3
312 D 305 4
305 D 312 4
312 E 305 5
305 E 312 5
305 A 311 1
311 A 305 1
305 B 311 2
311 B 305 2
305 C 311 3
311 C 305 3
305 D 311 4
311 D 305 4
305 E 311 5
311 E 305 5
313 A 305 1
305 A 313 1
313 B 305 2
305 B 313 2
313 C 305 3
305 C 313 3
313 D 305 4
305 D 313 4
313 E 305 5
305 E 313 5
305 A 315 1
315 A 305 1
305 B 315 2
315 B 305 2
305 C 315 3
315 C 305 3
305 D 315 4
315 D 305 4
305 E 315 5
315 E 305 5
315 A 313 1
313 A 315 1
315 B 313 2
313 B 315 2
315 C 313 3
313 C 315 3
315 D 313 4
313 D 315 4
315 E 313 5
313 E 315 5
306 A 313 1
313 A 306 1
306 B 313 2
313 B 306 2
306 C 313 3
313 C 306 3
306 D 313 4
313 D 306 4
306 E 313 5
313 E 306 5
313 A 314 1
314 A 313 1
313 B 314 2
314 B 313 2
313 C 314 3
314 C 313 3
313 D 314 4
314 D 313 4
313 E 314 5
314 E 313 5
314 A 306 1
306 A 314 1
314 B 306 2
306 B 314 2
314 C 306 3
306 C 314 3
314 D 306 4
306 D 314 4
314 E 306 5
306 E 314 5
314 A 315 1
315 A 314 1
314 B 315 2
315 B 314 2
314 C 315 3
315 C 314 3
314 D 315 4
315 D 314 4
314 E 315 5
315 E 314 5
315 A 290 1
290 A 315 1
315 B 290 2
290 B 315 2
315 C 290 3
290 C 315 3
315 D 290 4
290 D 315 4
315 E 290 5
290 E 315 5
290 A 314 1
314 A 290 1
290 B 314 2
314 B 290 2
290 C 314 3
314 C 290 3
290 D 314 4
314 D 290 4
290 E 314 5
314 E 290 5
319 A 316 1
316 A 319 1
319 B 316 2
316 B 319 2
319 C 316 3
316 C 319 3
319 D 316 4
316 D 319 4
319 E 316 5
316 E 319 5
316 A 321 1
321 A 316 1
316 B 321 2
321 B 316 2
316 C 321 3
321 C 316 3
316 D 321 4
321 D 316 4
316 E 321 5
321 E 316 5
321 A 319 1
319 A 321 1
321 B 319 2
319 B 321 2
321 C 319 3
319 C 321 3
321 D 319 4
319 D 321 4
321 E 319 5
319 E 321 5
290 A 319 1
319 A 290 1
290 B 319 2
319 B 290 2
290 C 319 3
319 C 290 3
290 D 319 4
319 D 290 4
290 E 319 5
319 E 290 5
319 A 320 1
320 A 319 1
319 B 320 2
320 B 319 2
319 C 320 3
320 C 319 3
319 D 320 4
320 D 319 4
319 E 320 5
320 E 319 5
320 A 290 1
290 A 320 1
320 B 290 2
290 B 320 2
320 C 290 3
290 C 320 3
320 D 290 4
290 D 320 4
320 E 290 5
290 E 320 5
320 A 321 1
321 A 320 1
320 B 321 2
321 B 320 2
320 C 321 3
321 C 320 3
320 D 321 4
321 D 320 4
320 E 321 5
321 E 320 5
321 A 318 1
318 A 321 1
321 B 318 2
318 B 321 2
321 C 318 3
318 C 321 3
321 D 318 4
318 D 321 4
321 E 318 5
318 E 321 5
318 A 320 1
320 A 318 1
318 B 320 2
320 B 318 2
318 C 320 3
320 C 318 3
318 D 320 4
320 D 318 4
318 E 320 5
320 E 318 5
322 A 291 1
291 A 322 1
322 B 291 2
291 B 322 2
322 C 291 3
291 C 322 3
322 D 291 4
291 D 322 4
322 E 291 5
291 E 322 5
291 A 324 1
324 A 291 1
291 B 324 2
324 B 291 2
291 C 324 3
324 C 291 3
291 D 324 4
324 D 291 4
291 E 324 5
324 E 291 5
324 A 322 1
322 A 324 1
324 B 322 2
322 B 324 2
324 C 322 3
322 C 324 3
324 D 322 4
322 D 324 4
324 E 322 5
322 E 324 5
316 A 322 1
322 A 316 1
316 B 322 2
322 B 316 2
316 C 322 3
322 C 316 3
316 D 322 4
322 D 316 4
316 E 322 5
322 E 316 5
322 A 323 1
323 A 322 1
322 B 323 2
323 B 322 2
322 C 323 3
323 C 322 3
322 D 323 4
323 D 322 4
322 E 323 5
323 E 322 5
323 A 316 1
316 A 323 1
323 B 316 2
316 B 323 2
323 C 316 3
316 C 323 3
323 D 316 4
316 D 323 4
323 E 316 5
316 E 323 5
323 A 324 1
324 A 323 1
323 B 324 2
324 B 323 2
323 C 324 3
324 C 323 3
323 D 324 4
324 D 323 4
323 E 324 5
324 E 323 5
324 A 317 1
317 A 324 1
324 B 317 2
317 B 324 2
324 C 317 3
317 C 324 3
324 D 317 4
317 D 324 4
324 E 317 5
317 E 324 5
317 A 323 1
323 A 317 1
317 B 323 2
323 B 317 2
317 C 323 3
323 C 317 3
317 D 323 4
323 D 317 4
317 E 323 5
323 E 317 5
325 A 317 1
317 A 325 1
325 B 317 2
317 B 325 2
325 C 317 3
317 C 325 3
325 D 317 4
317 D 325 4
325 E 317 5
317 E 325 5
317 A 327 1
327 A 317 1
317 B 327 2
327 B 317 2
317 C 327 3
327 C 317 3
317 D 327 4
327 D 317 4
317 E 327 5
327 E 317 5
327 A 325 1
325 A 327 1
327 B 325 2
325 B 327 2
327 C 325 3
325 C 327 3
327 D 325 4
325 D 327 4
327 E 325 5
325 E 327 5
318 A 325 1
325 A 318 1
318 B 325 2
325 B 318 2
318 C 325 3
325 C 318 3
318 D 325 4
325 D 318 4
318 E 325 5
325 E 318 5
325 A 326 1
326 A 325 1
325 B 326 2
326 B 325 2
325 C 326 3
326 C 325 3
325 D 326 4
326 D 325 4
325 E 326 5
326 E 325 5
326 A 318 1
318 A 326 1
326 B 318 2
318 B 326 2
326 C 318 3
318 C 326 3
326 D 318 4
318 D 326 4
326 E 318 5
318 E 326 5
326 A 327 1
327 A 326 1
326 B 327 2
327 B 326 2
326 C 327 3
327 C 326 3
326 D 327 4
327 D 326 4
326 E 327 5
327 E 326 5
327 A 248 1
248 A 327 1
327 B 248 2
248 B 327 2
327 C 248 3
248 C 327 3
327 D 248 4
248 D 327 4
327 E 248 5
248 E 327 5
248 A 326 1
326 A 248 1
248 B 326 2
326 B 248 2
248 C 326 3
326 C 248 3
248 D 326 4
326 D 248 4
248 E 326 5
326 E 248 5
334 A 331 1
331 A 334 1
334 B 331 2
331 B 334 2
334 C 331 3
331 C 334 3
334 D 331 4
331 D 334 4
334 E 331 5
331 E 334 5
331 A 336 1
336 A 331 1
331 B 336 2
336 B 331 2
331 C 336 3
336 C 331 3
331 D 336 4
336 D 331 4
331 E 336 5
336 E 331 5
336 A 334 1
334 A 336 1
336 B 334 2
334 B 336 2
336 C 334 3
334 C 336 3
336 D 334 4
334 D 336 4
336 E 334 5
334 E 336 5
328 A 334 1
334 A 328 1
328 B 334 2
334 B 328 2
328 C 334 3
334 C 328 3
328 D 334 4
334 D 328 4
328 E 334 5
334 E 328 5
334 A 335 1
335 A 334 1
334 B 335 2
335 B 334 2
334 C 335 3
335 C 334 3
334 D 335 4
335 D 334 4
334 E 335 5
335 E 334 5
335 A 328 1
328 A 335 1
335 B 328 2
328 B 335 2
335 C 328 3
328 C 335 3
335 D 328 4
328 D 335 4
335 E 328 5
328 E 335 5
335 A 336 1
336 A 335 1
335 B 336 2
336 B 335 2
335 C 336 3
336 C 335 3
335 D 336 4
336 D 335 4
335 E 336 5
336 E 335 5
336 A 333 1
333 A 336 1
336 B 333 2
333 B 336 2
336 C 333 3
333 C 336 3
336 D 333 4
333 D 336 4
336 E 333 5
333 E 336 5
333 A 335 1
335 A 333 1
333 B 335 2
335 B 333 2
333 C 335 3
335 C 333 3
333 D 335 4
335 D 333 4
333 E 335 5
335 E 333 5
337 A 248 1
248 A 337 1
337 B 248 2
248 B 337 2
337 C 248 3
248 C 337 3
337 D 248 4
248 D 337 4
337 E 248 5
248 E 337 5
248 A 339 1
339 A 248 1
248 B 339 2
339 B 248 2
248 C 339 3
339 C 248 3
248 D 339 4
339 D 248 4
248 E 339 5
339 E 248 5
339 A 337 1
337 A 339 1
339 B 337 2
337 B 339 2
339 C 337 3
337 C 339 3
339 D 337 4
337 D 339 4
339 E 337 5
337 E 339 5
331 A 337 1
337 A 331 1
331 B 337 2
337 B 331 2
331 C 337 3
337 C 331 3
331 D 337 4
337 D 331 4
331 E 337 5
337 E 331 5
337 A 338 1
338 A 337 1
337 B 338 2
338 B 337 2
337 C 338 3
338 C 337 3
337 D 338 4
338 D 337 4
337 E 338 5
338 E 337 5
338 A 331 1
331 A 338 1
338 B 331 2
331 B 338 2
338 C 331 3
331 C 338 3
338 D 331 4
331 D 338 4
338 E 331 5
331 E 338 5
338 A 339 1
339 A 338 1
338 B 339 2
339 B 338 2
338 C 339 3
339 C 338 3
338 D 339 4
339 D 338 4
338 E 339 5
339 E 338 5
339 A 332 1
332 A 339 1
339 B 332 2
332 B 339 2
339 C 332 3
332 C 339 3
339 D 332 4
332 D 339 4
339 E 332 5
332 E 339 5
332 A 338 1
338 A 332 1
332 B 338 2
338 B 332 2
332 C 338 3
338 C 332 3
332 D 338 4
338 D 332 4
332 E 338 5
338 E 332 5
340 A 332 1
332 A 340 1
340 B 332 2
332 B 340 2
340 C 332 3
332 C 340 3
340 D 332 4
332 D 340 4
340 E 332 5
332 E 340 5
332 A 342 1
342 A 332 1
332 B 342 2
342 B 332 2
332 C 342 3
342 C 332 3
332 D 342 4
342 D 332 4
332 E 342 5
342 E 332 5
342 A 340 1
340 A 342 1
342 B 340 2
340 B 342 2
342 C 340 3
340 C 342 3
342 D 340 4
340 D 342 4
342 E 340 5
340 E 342 5
333 A 340 1
340 A 333 1
333 B 340 2
340 B 333 2
333 C 340 3
340 C 333 3
333 D 340 4
340 D 333 4
333 E 340 5
340 E 333 5
340 A 341 1
341 A 340 1
340 B 341 2
341 B 340 2
340 C 341 3
341 C 340 3
340 D 341 4
341 D 340 4
340 E 341 5
341 E 340 5
341 A 333 1
333 A 341 1
341 B 333 2
333 B 341 2
341 C 333 3
333 C 341 3
341 D 333 4
333 D 341 4
341 E 333 5
333 E 341 5
341 A 342 1
342 A 341 1
341 B 342 2
342 B 341 2
341 C 342 3
342 C 341 3
341 D 342 4
342 D 341 4
341 E 342 5
342 E 341 5
342 A 330 1
330 A 342 1
342 B 330 2
330 B 342 2
342 C 330 3
330 C 342 3
342 D 330 4
330 D 342 4
342 E 330 5
330 E 342 5
330 A 341 1
341 A 330 1
330 B 341 2
341 B 330 2
330 C 341 3
341 C 330 3
330 D 341 4
341 D 330 4
330 E 341 5
341 E 330 5
346 A 343 1
343 A 346 1
346 B 343 2
343 B 346 2
346 C 343 3
343 C 346 3
346 D 343 4
343 D 346 4
346 E 343 5
343 E 346 5
343 A 348 1
348 A 343 1
343 B 348 2
348 B 343 2
343 C 348 3
348 C 343 3
343 D 348 4
348 D 343 4
343 E 348 5
348 E 343 5
348 A 346 1
346 A 348 1
348 B 346 2
346 B 348 2
348 C 346 3
346 C 348 3
348 D 346 4
346 D 348 4
348 E 346 5
346 E 348 5
249 A 346 1
346 A 249 1
249 B 346 2
346 B 249 2
249 C 346 3
346 C 249 3
249 D 346 4
346 D 249 4
249 E 346 5
346 E 249 5
346 A 347 1
347 A 346 1
346 B 347 2
347 B 346 2
346 C 347 3
347 C 346 3
346 D 347 4
347 D 346 4
346 E 347 5
347 E 346 5
347 A 249 1
249 A 347 1
347 B 249 2
249 B 347 2
347 C 249 3
249 C 347 3
347 D 249 4
249 D 347 4
347 E 249 5
249 E 347 5
347 A 348 1
348 A 347 1
347 B 348 2
348 B 347 2
347 C 348 3
348 C 347 3
347 D 348 4
348 D 347 4
347 E 348 5
348 E 347 5
348 A 345 1
345 A 348 1
348 B 345 2
345 B 348 2
348 C 345 3
345 C 348 3
348 D 345 4
345 D 348 4
348 E 345 5
345 E 348 5
345 A 347 1
347 A 345 1
345 B 347 2
347 B 345 2
345 C 347 3
347 C 345 3
345 D 347 4
347 D 345 4
345 E 347 5
347 E 345 5
349 A 328 1
328 A 349 1
349 B 328 2
328 B 349 2
349 C 328 3
328 C 349 3
349 D 328 4
328 D 349 4
349 E 328 5
328 E 349 5
328 A 351 1
351 A 328 1
328 B 351 2
351 B 328 2
328 C 351 3
351 C 328 3
328 D 351 4
351 D 328 4
328 E 351 5
351 E 328 5
351 A 349 1
349 A 351 1
351 B 349 2
349 B 351 2
351 C 349 3
349 C 351 3
351 D 349 4
349 D 351 4
351 E 349 5
349 E 351 5
343 A 349 1
349 A 343 1
343 B 349 2
349 B 343 2
343 C 349 3
349 C 343 3
343 D 349 4
349 D 343 4
343 E 349 5
349 E 343 5
349 A 350 1
350 A 349 1
349 B 350 2
350 B 349 2
349 C 350 3
350 C 349 3
349 D 350 4
350 D 349 4
349 E 350 5
350 E 349 5
350 A 343 1
343 A 350 1
350 B 343 2
343 B 350 2
350 C 343 3
343 C 350 3
350 D 343 4
343 D 350 4
350 E 343 5
343 E 350 5
350 A 351 1
351 A 350 1
350 B 351 2
351 B 350 2
350 C 351 3
351 C 350 3
350 D 351 4
351 D 350 4
350 E 351 5
351 E 350 5
351 A 344 1
344 A 351 1
351 B 344 2
344 B 351 2
351 C 344 3
344 C 351 3
351 D 344 4
344 D 351 4
351 E 344 5
344 E 351 5
344 A 350 1
350 A 344 1
344 B 350 2
350 B 344 2
344 C 350 3
350 C 344 3
344 D 350 4
350 D 344 4
344 E 350 5
350 E 344 5
352 A 344 1
344 A 352 1
352 B 344 2
344 B 352 2
352 C 344 3
344 C 352 3
352 D 344 4
344 D 352 4
352 E 344 5
344 E 352 5
344 A 354 1
354 A 344 1
344 B 354 2
354 B 344 2
344 C 354 3
354 C 344 3
344 D 354 4
354 D 344 4
344 E 354 5
354 E 344 5
354 A 352 1
352 A 354 1
354 B 352 2
352 B 354 2
354 C 352 3
352 C 354 3
354 D 352 4
352 D 354 4
354 E 352 5
352 E 354 5
345 A 352 1
352 A 345 1
345 B 352 2
352 B 345 2
345 C 352 3
352 C 345 3
345 D 352 4
352 D 345 4
345 E 352 5
352 E 345 5
352 A 353 1
353 A 352 1
352 B 353 2
353 B 352 2
352 C 353 3
353 C 352 3
352 D 353 4
353 D 352 4
352 E 353 5
353 E 352 5
353 A 345 1
345 A 353 1
353 B 345 2
345 B 353 2
353 C 345 3
345 C 353 3
353 D 345 4
345 D 353 4
353 E 345 5
345 E 353 5
353 A 354 1
354 A 353 1
353 B 354 2
354 B 353 2
353 C 354 3
354 C 353 3
353 D 354 4
354 D 353 4
353 E 354 5
354 E 353 5
354 A 329 1
329 A 354 1
354 B 329 2
329 B 354 2
354 C 329 3
329 C 354 3
354 D 329 4
329 D 354 4
354 E 329 5
329 E 354 5
329 A 353 1
353 A 329 1
329 B 353 2
353 B 329 2
329 C 353 3
353 C 329 3
329 D 353 4
353 D 329 4
329 E 353 5
353 E 329 5
358 A 355 1
355 A 358 1
358 B 355 2
355 B 358 2
358 C 355 3
355 C 358 3
358 D 355 4
355 D 358 4
358 E 355 5
355 E 358 5
355 A 360 1
360 A 355 1
355 B 360 2
360 B 355 2
355 C 360 3
360 C 355 3
355 D 360 4
360 D 355 4
355 E 360 5
360 E 355 5
360 A 358 1
358 A 360 1
360 B 358 2
358 B 360 2
360 C 358 3
358 C 360 3
360 D 358 4
358 D 360 4
360 E 358 5
358 E 360 5
329 A 358 1
358 A 329 1
329 B 358 2
358 B 329 2
329 C 358 3
358 C 329 3
329 D 358 4
358 D 329 4
329 E 358 5
358 E 329 5
358 A 359 1
359 A 358 1
358 B 359 2
359 B 358 2
358 C 359 3
359 C 358 3
358 D 359 4
359 D 358 4
358 E 359 5
359 E 358 5
359 A 329 1
329 A 359 1
359 B 329 2
329 B 359 2
359 C 329 3
329 C 359 3
359 D 329 4
329 D 359 4
359 E 329 5
329 E 359 5
359 A 360 1
360 A 359 1
359 B 360 2
360 B 359 2
359 C 360 3
360 C 359 3
359 D 360 4
360 D 359 4
359 E 360 5
360 E 359 5
360 A 357 1
357 A 360 1
360 B 357 2
357 B 360 2
360 C 357 3
357 C 360 3
360 D 357 4
357 D 360 4
360 E 357 5
357 E 360 5
357 A 359 1
359 A 357 1
357 B 359 2
359 B 357 2
357 C 359 3
359 C 357 3
357 D 359 4
359 D 357 4
357 E 359 5
359 E 357 5
361 A 330 1
330 A 361 1
361 B 330 2
330 B 361 2
361 C 330 3
330 C 361 3
361 D 330 4
330 D 361 4
361 E 330 5
330 E 361 5
330 A 363 1
363 A 330 1
330 B 363 2
363 B 330 2
330 C 363 3
363 C 330 3
330 D 363 4
363 D 330 4
330 E 363 5
363 E 330 5
363 A 361 1
361 A 363 1
363 B 361 2
361 B 363 2
363 C 361 3
361 C 363 3
363 D 361 4
361 D 363 4
363 E 361 5
361 E 363 5
355 A 361 1
361 A 355 1
355 B 361 2
361 B 355 2
355 C 361 3
361 C 355 3
355 D 361 4
361 D 355 4
355 E 361 5
361 E 355 5
361 A 362 1
362 A 361 1
361 B 362 2
362 B 361 2
361 C 362 3
362 C 361 3
361 D 362 4
362 D 361 4
361 E 362 5
362 E 361 5
362 A 355 1
355 A 362 1
362 B 355 2
355 B 362 2
362 C 355 3
355 C 362 3
362 D 355 4
355 D 362 4
362 E 355 5
355 E 362 5
362 A 363 1
363 A 362 1
362 B 363 2
363 B 362 2
362 C 363 3
363 C 362 3
362 D 363 4
363 D 362 4
362 E 363 5
363 E 362 5
363 A 356 1
356 A 363 1
363 B 356 2
356 B 363 2
363 C 356 3
356 C 363 3
363 D 356 4
356 D 363 4
363 E 356 5
356 E 363 5
356 A 362 1
362 A 356 1
356 B 362 2
362 B 356 2
356 C 362 3
362 C 356 3
356 D 362 4
362 D 356 4
356 E 362 5
362 E 356 5
364 A 356 1
356 A 364 1
364 B 356 2
356 B 364 2
364 C 356 3
356 C 364 3
364 D 356 4
356 D 364 4
364 E 356 5
356 E 364 5
356 A 366 1
366 A 356 1
356 B 366 2
366 B 356 2
356 C 366 3
366 C 356 3
356 D 366 4
366 D 356 4
356 E 366 5
366 E 356 5
366 A 364 1
364 A 366 1
366 B 364 2
364 B 366 2
366 C 364 3
364 C 366 3
366 D 364 4
364 D 366 4
366 E 364 5
364 E 366 5
357 A 364 1
364 A 357 1
357 B 364 2
364 B 357 2
357 C 364 3
364 C 357 3
357 D 364 4
364 D 357 4
357 E 364 5
364 E 357 5
364 A 365 1
365 A 364 1
364 B 365 2
365 B 364 2
364 C 365 3
365 C 364 3
364 D 365 4
365 D 364 4
364 E 365 5
365 E 364 5
365 A 357 1
357 A 365 1
365 B 357 2
357 B 365 2
365 C 357 3
357 C 365 3
365 D 357 4
357 D 365 4
365 E 357 5
357 E 365 5
365 A 366 1
366 A 365 1
365 B 366 2
366 B 365 2
365 C 366 3
366 C 365 3
365 D 366 4
366 D 365 4
365 E 366 5
366 E 365 5
366 A 3 1
3 A 366 1
366 B 3 2
3 B 366 2
366 C 3 3
3 C 366 3
366 D 3 4
3 D 366 4
366 E 3 5
3 E 366 5
3 A 365 1
365 A 3 1
3 B 365 2
365 B 3 2
3 C 365 3
365 C 3 3
3 D 365 4
365 D 3 4
3 E 365 5
365 E 3 5
