4 A 2 1
2 A 4 1
4 B 2 2
2 B 4 2
4 C 2 3
2 C 4 3
4 D 2 4
2 D 4 4
4 E 2 5
2 E 4 5
2 A 6 1
6 A 2 1
2 B 6 2
6 B 2 2
2 C 6 3
6 C 2 3
2 D 6 4
6 D 2 4
2 E 6 5
6 E 2 5
6 A 4 1
4 A 6 1
6 B 4 2
4 B 6 2
6 C 4 3
4 C 6 3
6 D 4 4
4 D 6 4
6 E 4 5
4 E 6 5
1 A 4 1
4 A 1 1
1 B 4 2
4 B 1 2
1 C 4 3
4 C 1 3
1 D 4 4
4 D 1 4
1 E 4 5
4 E 1 5
4 A 5 1
5 A 4 1
4 B 5 2
5 B 4 2
4 C 5 3
5 C 4 3
4 D 5 4
5 D 4 4
4 E 5 5
5 E 4 5
5 A 1 1
1 A 5 1
5 B 1 2
1 B 5 2
5 C 1 3
1 C 5 3
5 D 1 4
1 D 5 4
5 E 1 5
1 E 5 5
5 A 6 1
6 A 5 1
5 B 6 2
6 B 5 2
5 C 6 3
6 C 5 3
5 D 6 4
6 D 5 4
5 E 6 5
6 E 5 5
6 A 3 1
3 A 6 1
6 B 3 2
3 B 6 2
6 C 3 3
3 C 6 3
6 D 3 4
3 D 6 4
6 E 3 5
3 E 6 5
3 A 5 1
5 A 3 1
3 B 5 2
5 B 3 2
3 C 5 3
5 C 3 3
3 D 5 4
5 D 3 4
3 E 5 5
5 E 3 5
