7 A 4 1
4 A 7 1
7 B 4 2
4 B 7 2
7 C 4 3
4 C 7 3
7 D 4 4
4 D 7 4
7 E 4 5
4 E 7 5
4 A 9 1
9 A 4 1
4 B 9 2
9 B 4 2
4 C 9 3
9 C 4 3
4 D 9 4
9 D 4 4
4 E 9 5
9 E 4 5
9 A 7 1
7 A 9 1
9 B 7 2
7 B 9 2
9 C 7 3
7 C 9 3
9 D 7 4
7 D 9 4
9 E 7 5
7 E 9 5
2 A 7 1
7 A 2 1
2 B 7 2
7 B 2 2
2 C 7 3
7 C 2 3
2 D 7 4
7 D 2 4
2 E 7 5
7 E 2 5
7 A 8 1
8 A 7 1
7 B 8 2
8 B 7 2
7 C 8 3
8 C 7 3
7 D 8 4
8 D 7 4
7 E 8 5
8 E 7 5
8 A 2 1
2 A 8 1
8 B 2 2
2 B 8 2
8 C 2 3
2 C 8 3
8 D 2 4
2 D 8 4
8 E 2 5
2 E 8 5
8 A 9 1
9 A 8 1
8 B 9 2
9 B 8 2
8 C 9 3
9 C 8 3
8 D 9 4
9 D 8 4
8 E 9 5
9 E 8 5
9 A 6 1
6 A 9 1
9 B 6 2
6 B 9 2
9 C 6 3
6 C 9 3
9 D 6 4
6 D 9 4
9 E 6 5
6 E 9 5
6 A 8 1
8 A 6 1
6 B 8 2
8 B 6 2
6 C 8 3
8 C 6 3
6 D 8 4
8 D 6 4
6 E 8 5
8 E 6 5
10 A 1 1
1 A 10 1
10 B 1 2
1 B 10 2
10 C 1 3
1 C 10 3
10 D 1 4
1 D 10 4
10 E 1 5
1 E 10 5
1 A 12 1
12 A 1 1
1 B 12 2
12 B 1 2
1 C 12 3
12 C 1 3
1 D 12 4
12 D 1 4
1 E 12 5
12 E 1 5
12 A 10 1
10 A 12 1
12 B 10 2
10 B 12 2
12 C 10 3
10 C 12 3
12 D 10 4
10 D 12 4
12 E 10 5
10 E 12 5
4 A 10 1
10 A 4 1
4 B 10 2
10 B 4 2
4 C 10 3
10 C 4 3
4 D 10 4
10 D 4 4
4 E 10 5
10 E 4 5
10 A 11 1
11 A 10 1
10 B 11 2
11 B 10 2
10 C 11 3
11 C 10 3
10 D 11 4
11 D 10 4
10 E 11 5
11 E 10 5
11 A 4 1
4 A 11 1
11 B 4 2
4 B 11 2
11 C 4 3
4 C 11 3
11 D 4 4
4 D 11 4
11 E 4 5
4 E 11 5
11 A 12 1
12 A 11 1
11 B 12 2
12 B 11 2
11 C 12 3
12 C 11 3
11 D 12 4
12 D 11 4
11 E 12 5
12 E 11 5
12 A 5 1
5 A 12 1
12 B 5 2
5 B 12 2
12 C 5 3
5 C 12 3
12 D 5 4
5 D 12 4
12 E 5 5
5 E 12 5
5 A 11 1
11 A 5 1
5 B 11 2
11 B 5 2
5 C 11 3
11 C 5 3
5 D 11 4
11 D 5 4
5 E 11 5
11 E 5 5
13 A 5 1
5 A 13 1
13 B 5 2
5 B 13 2
13 C 5 3
5 C 13 3
13 D 5 4
5 D 13 4
13 E 5 5
5 E 13 5
5 A 15 1
15 A 5 1
5 B 15 2
15 B 5 2
5 C 15 3
15 C 5 3
5 D 15 4
15 D 5 4
5 E 15 5
15 E 5 5
15 A 13 1
13 A 15 1
15 B 13 2
13 B 15 2
15 C 13 3
13 C 15 3
15 D 13 4
13 D 15 4
15 E 13 5
13 E 15 5
6 A 13 1
13 A 6 1
6 B 13 2
13 B 6 2
6 C 13 3
13 C 6 3
6 D 13 4
13 D 6 4
6 E 13 5
13 E 6 5
13 A 14 1
14 A 13 1
13 B 14 2
14 B 13 2
13 C 14 3
14 C 13 3
13 D 14 4
14 D 13 4
13 E 14 5
14 E 13 5
14 A 6 1
6 A 14 1
14 B 6 2
6 B 14 2
14 C 6 3
6 C 14 3
14 D 6 4
6 D 14 4
14 E 6 5
6 E 14 5
14 A 15 1
15 A 14 1
14 B 15 2
15 B 14 2
14 C 15 3
15 C 14 3
14 D 15 4
15 D 14 4
14 E 15 5
15 E 14 5
15 A 3 1
3 A 15 1
15 B 3 2
3 B 15 2
15 C 3 3
3 C 15 3
15 D 3 4
3 D 15 4
15 E 3 5
3 E 15 5
3 A 14 1
14 A 3 1
3 B 14 2
14 B 3 2
3 C 14 3
14 C 3 3
3 D 14 4
14 D 3 4
3 E 14 5
14 E 3 5
