1 A 1 4
1 B 1 3
1 C 1 5
1 D 1 2
1 A 2 1
1 B 2 2
1 C 2 3
1 D 2 4
1 A 3 3
1 B 3 5
1 C 3 2
1 D 3 4
1 A 4 3
1 B 4 5
1 C 4 4
1 D 4 2
1 A 5 4
1 B 5 5
1 C 5 3
1 D 5 2
1 A 6 3
1 B 6 5
1 C 6 4
1 D 6 2
1 A 7 3
1 B 7 4
1 C 7 2
1 D 7 5
1 A 8 2
1 B 8 4
1 C 8 5
1 D 8 3
1 A 9 3
1 B 9 4
1 C 9 5
1 D 9 2
1 A 10 3
1 B 10 2
1 C 10 4
1 D 10 5
1 A 11 5
1 B 11 4
1 C 11 2
1 D 11 3
1 A 12 2
1 B 12 4
1 C 12 3
1 D 12 5
1 A 13 5
1 B 13 2
1 C 13 3
1 D 13 4
1 A 14 3
1 B 14 5
1 C 14 4
1 D 14 2
1 A 15 2
1 B 15 3
1 C 15 4
1 D 15 5
1 A 16 3
1 B 16 5
1 C 16 4
1 D 16 2
1 A 17 2
1 B 17 3
1 C 17 4
1 D 17 5
1 A 18 2
1 B 18 4
1 C 18 5
1 D 18 3
1 A 19 3
1 B 19 4
1 C 19 5
1 D 19 2
1 A 20 4
1 B 20 3
1 C 20 2
1 D 20 5
1 A 21 2
1 B 21 5
1 C 21 4
1 D 21 3
1 A 22 4
1 B 22 2
1 C 22 5
1 D 22 3
1 A 23 4
1 B 23 5
1 C 23 2
1 D 23 3
1 A 24 5
1 B 24 4
1 C 24 3
1 D 24 2
1 A 25 4
1 B 25 3
1 C 25 2
1 D 25 5
1 A 26 3
1 B 26 5
1 C 26 2
1 D 26 4
1 A 27 4
1 B 27 3
1 C 27 5
1 D 27 2
1 A 28 4
1 B 28 3
1 C 28 2
1 D 28 5
1 A 29 3
1 B 29 2
1 C 29 4
1 D 29 5
1 A 30 4
1 B 30 3
1 C 30 5
1 D 30 2
1 A 31 2
1 B 31 4
1 C 31 3
1 D 31 5
1 A 32 3
1 B 32 4
1 C 32 2
1 D 32 5
1 A 33 4
1 B 33 3
1 C 33 2
1 D 33 5
1 A 34 3
1 B 34 5
1 C 34 2
1 D 34 4
1 A 35 2
1 B 35 3
1 C 35 5
1 D 35 4
1 A 36 3
1 B 36 4
1 C 36 5
1 D 36 2
1 A 37 3
1 B 37 4
1 C 37 2
1 D 37 5
1 A 38 3
1 B 38 5
1 C 38 2
1 D 38 4
1 A 39 2
1 B 39 3
1 C 39 4
1 D 39 5
1 A 40 2
1 B 40 5
1 C 40 4
1 D 40 3
1 A 41 4
1 B 41 5
1 C 41 2
1 D 41 3
1 A 42 5
1 B 42 2
1 C 42 4
1 D 42 3
1 A 43 5
1 B 43 4
1 C 43 2
1 D 43 3
1 A 44 2
1 B 44 3
1 C 44 4
1 D 44 5
1 A 45 3
1 B 45 2
1 C 45 5
1 D 45 4
1 A 46 5
1 B 46 3
1 C 46 4
1 D 46 2
1 A 47 5
1 B 47 2
1 C 47 3
1 D 47 4
1 A 48 2
1 B 48 5
1 C 48 3
1 D 48 4
1 A 49 5
1 B 49 4
1 C 49 2
1 D 49 3
1 A 50 5
1 B 50 2
1 C 50 4
1 D 50 3
2 A 1 2
2 B 1 4
2 C 1 5
2 D 1 3
2 A 2 4
2 B 2 5
2 C 2 3
2 D 2 2
2 A 3 4
2 B 3 5
2 C 3 2
2 D 3 1
2 A 4 4
2 B 4 5
2 C 4 3
2 D 4 2
2 A 5 5
2 B 5 4
2 C 5 2
2 D 5 3
2 A 6 5
2 B 6 4
2 C 6 2
2 D 6 3
2 A 7 2
2 B 7 3
2 C 7 5
2 D 7 4
2 A 8 5
2 B 8 3
2 C 8 2
2 D 8 4
2 A 9 4
2 B 9 5
2 C 9 3
2 D 9 2
2 A 10 4
2 B 10 2
2 C 10 3
2 D 10 5
2 A 11 3
2 B 11 5
2 C 11 4
2 D 11 2
2 A 12 3
2 B 12 5
2 C 12 2
2 D 12 4
2 A 13 4
2 B 13 2
2 C 13 5
2 D 13 3
2 A 14 5
2 B 14 4
2 C 14 2
2 D 14 3
2 A 15 4
2 B 15 2
2 C 15 3
2 D 15 5
2 A 16 4
2 B 16 3
2 C 16 5
2 D 16 2
2 A 17 3
2 B 17 4
2 C 17 2
2 D 17 5
2 A 18 4
2 B 18 3
2 C 18 5
2 D 18 2
2 A 19 2
2 B 19 4
2 C 19 3
2 D 19 5
2 A 20 5
2 B 20 3
2 C 20 2
2 D 20 4
2 A 21 2
2 B 21 5
2 C 21 3
2 D 21 4
2 A 22 3
2 B 22 4
2 C 22 5
2 D 22 2
2 A 23 3
2 B 23 2
2 C 23 5
2 D 23 4
2 A 24 3
2 B 24 2
2 C 24 4
2 D 24 5
2 A 25 3
2 B 25 4
2 C 25 2
2 D 25 5
2 A 26 2
2 B 26 3
2 C 26 4
2 D 26 5
2 A 27 5
2 B 27 4
2 C 27 2
2 D 27 3
2 A 28 4
2 B 28 2
2 C 28 3
2 D 28 5
2 A 29 2
2 B 29 5
2 C 29 4
2 D 29 3
2 A 30 5
2 B 30 3
2 C 30 2
2 D 30 4
2 A 31 2
2 B 31 4
2 C 31 5
2 D 31 3
2 A 32 3
2 B 32 5
2 C 32 2
2 D 32 4
2 A 33 2
2 B 33 3
2 C 33 4
2 D 33 5
2 A 34 2
2 B 34 4
2 C 34 3
2 D 34 5
2 A 35 5
2 B 35 3
2 C 35 4
2 D 35 2
2 A 36 4
2 B 36 3
2 C 36 2
2 D 36 5
2 A 37 3
2 B 37 2
2 C 37 5
2 D 37 4
2 A 38 2
2 B 38 3
2 C 38 5
2 D 38 4
2 A 39 4
2 B 39 2
2 C 39 3
2 D 39 5
2 A 40 3
2 B 40 4
2 C 40 5
2 D 40 2
2 A 41 2
2 B 41 5
2 C 41 4
2 D 41 3
2 A 42 4
2 B 42 2
2 C 42 3
2 D 42 5
2 A 43 5
2 B 43 4
2 C 43 3
2 D 43 2
2 A 44 2
2 B 44 4
2 C 44 5
2 D 44 3
2 A 45 5
2 B 45 2
2 C 45 3
2 D 45 4
2 A 46 4
2 B 46 5
2 C 46 3
2 D 46 2
2 A 47 5
2 B 47 3
2 C 47 4
2 D 47 2
2 A 48 3
2 B 48 4
2 C 48 5
2 D 48 2
2 A 49 3
2 B 49 2
2 C 49 4
2 D 49 5
2 A 50 5
2 B 50 2
2 C 50 4
2 D 50 3
3 A 1 4
3 B 1 5
3 C 1 2
3 D 1 3
3 A 2 4
3 B 2 5
3 C 2 2
3 D 2 3
3 A 3 4
3 B 3 3
3 C 3 5
3 D 3 2
3 A 4 2
3 B 4 5
3 C 4 1
3 D 4 4
3 A 5 4
3 B 5 5
3 C 5 3
3 D 5 2
3 A 6 4
3 B 6 2
3 C 6 5
3 D 6 3
3 A 7 5
3 B 7 2
3 C 7 3
3 D 7 4
3 A 8 2
3 B 8 3
3 C 8 4
3 D 8 5
3 A 9 2
3 B 9 4
3 C 9 3
3 D 9 5
3 A 10 2
3 B 10 3
3 C 10 5
3 D 10 4
3 A 11 2
3 B 11 3
3 C 11 4
3 D 11 5
3 A 12 4
3 B 12 2
3 C 12 5
3 D 12 3
3 A 13 5
3 B 13 4
3 C 13 3
3 D 13 2
3 A 14 3
3 B 14 2
3 C 14 4
3 D 14 5
3 A 15 5
3 B 15 3
3 C 15 2
3 D 15 4
3 A 16 4
3 B 16 2
3 C 16 3
3 D 16 5
3 A 17 4
3 B 17 3
3 C 17 2
3 D 17 5
3 A 18 4
3 B 18 3
3 C 18 2
3 D 18 5
3 A 19 3
3 B 19 5
3 C 19 2
3 D 19 4
3 A 20 2
3 B 20 5
3 C 20 3
3 D 20 4
3 A 21 2
3 B 21 4
3 C 21 3
3 D 21 5
3 A 22 2
3 B 22 4
3 C 22 3
3 D 22 5
3 A 23 5
3 B 23 2
3 C 23 4
3 D 23 3
3 A 24 3
3 B 24 4
3 C 24 5
3 D 24 2
3 A 25 2
3 B 25 5
3 C 25 3
3 D 25 4
3 A 26 3
3 B 26 5
3 C 26 2
3 D 26 4
3 A 27 4
3 B 27 5
3 C 27 2
3 D 27 3
3 A 28 3
3 B 28 4
3 C 28 2
3 D 28 5
3 A 29 2
3 B 29 5
3 C 29 3
3 D 29 4
3 A 30 5
3 B 30 3
3 C 30 2
3 D 30 4
3 A 31 5
3 B 31 2
3 C 31 3
3 D 31 4
3 A 32 5
3 B 32 4
3 C 32 3
3 D 32 2
3 A 33 3
3 B 33 2
3 C 33 4
3 D 33 5
3 A 34 3
3 B 34 2
3 C 34 4
3 D 34 5
3 A 35 2
3 B 35 3
3 C 35 4
3 D 35 5
3 A 36 2
3 B 36 5
3 C 36 4
3 D 36 3
3 A 37 2
3 B 37 4
3 C 37 3
3 D 37 5
3 A 38 2
3 B 38 4
3 C 38 5
3 D 38 3
3 A 39 3
3 B 39 5
3 C 39 4
3 D 39 2
3 A 40 2
3 B 40 4
3 C 40 3
3 D 40 5
3 A 41 3
3 B 41 2
3 C 41 4
3 D 41 5
3 A 42 2
3 B 42 3
3 C 42 5
3 D 42 4
3 A 43 2
3 B 43 3
3 C 43 4
3 D 43 5
3 A 44 5
3 B 44 4
3 C 44 2
3 D 44 3
3 A 45 5
3 B 45 2
3 C 45 3
3 D 45 4
3 A 46 2
3 B 46 3
3 C 46 4
3 D 46 5
3 A 47 5
3 B 47 4
3 C 47 3
3 D 47 2
3 A 48 5
3 B 48 3
3 C 48 2
3 D 48 4
3 A 49 2
3 B 49 5
3 C 49 4
3 D 49 3
3 A 50 4
3 B 50 2
3 C 50 5
3 D 50 3
4 A 1 4
4 B 1 2
4 C 1 5
4 D 1 3
4 A 2 2
4 B 2 5
4 C 2 4
4 D 2 3
4 A 3 5
4 B 3 3
4 C 3 4
4 D 3 2
4 A 4 4
4 B 4 2
4 C 4 5
4 D 4 3
4 A 5 5
4 B 5 3
4 C 5 4
4 D 5 1
4 A 6 3
4 B 6 2
4 C 6 5
4 D 6 4
4 A 7 5
4 B 7 4
4 C 7 3
4 D 7 2
4 A 8 2
4 B 8 4
4 C 8 5
4 D 8 3
4 A 9 4
4 B 9 3
4 C 9 5
4 D 9 2
4 A 10 4
4 B 10 3
4 C 10 5
4 D 10 2
4 A 11 3
4 B 11 2
4 C 11 5
4 D 11 4
4 A 12 3
4 B 12 5
4 C 12 2
4 D 12 4
4 A 13 2
4 B 13 4
4 C 13 5
4 D 13 3
4 A 14 3
4 B 14 2
4 C 14 5
4 D 14 4
4 A 15 3
4 B 15 5
4 C 15 2
4 D 15 4
4 A 16 4
4 B 16 2
4 C 16 5
4 D 16 3
4 A 17 5
4 B 17 4
4 C 17 2
4 D 17 3
4 A 18 4
4 B 18 2
4 C 18 5
4 D 18 3
4 A 19 5
4 B 19 3
4 C 19 4
4 D 19 2
4 A 20 3
4 B 20 2
4 C 20 4
4 D 20 5
4 A 21 3
4 B 21 4
4 C 21 2
4 D 21 5
4 A 22 3
4 B 22 4
4 C 22 5
4 D 22 2
4 A 23 3
4 B 23 2
4 C 23 4
4 D 23 5
4 A 24 5
4 B 24 2
4 C 24 4
4 D 24 3
4 A 25 5
4 B 25 4
4 C 25 2
4 D 25 3
4 A 26 4
4 B 26 2
4 C 26 3
4 D 26 5
4 A 27 4
4 B 27 2
4 C 27 3
4 D 27 5
4 A 28 4
4 B 28 5
4 C 28 2
4 D 28 3
4 A 29 3
4 B 29 4
4 C 29 2
4 D 29 5
4 A 30 5
4 B 30 4
4 C 30 2
4 D 30 3
4 A 31 3
4 B 31 2
4 C 31 5
4 D 31 4
4 A 32 4
4 B 32 2
4 C 32 3
4 D 32 5
4 A 33 5
4 B 33 4
4 C 33 3
4 D 33 2
4 A 34 4
4 B 34 3
4 C 34 5
4 D 34 2
4 A 35 5
4 B 35 3
4 C 35 2
4 D 35 4
4 A 36 5
4 B 36 4
4 C 36 2
4 D 36 3
4 A 37 5
4 B 37 4
4 C 37 2
4 D 37 3
4 A 38 4
4 B 38 3
4 C 38 2
4 D 38 5
4 A 39 3
4 B 39 2
4 C 39 5
4 D 39 4
4 A 40 2
4 B 40 3
4 C 40 4
4 D 40 5
4 A 41 3
4 B 41 2
4 C 41 5
4 D 41 4
4 A 42 5
4 B 42 2
4 C 42 3
4 D 42 4
4 A 43 2
4 B 43 3
4 C 43 4
4 D 43 5
4 A 44 3
4 B 44 2
4 C 44 5
4 D 44 4
4 A 45 5
4 B 45 4
4 C 45 3
4 D 45 2
4 A 46 2
4 B 46 4
4 C 46 3
4 D 46 5
4 A 47 3
4 B 47 5
4 C 47 2
4 D 47 4
4 A 48 5
4 B 48 3
4 C 48 2
4 D 48 4
4 A 49 3
4 B 49 4
4 C 49 5
4 D 49 2
4 A 50 4
4 B 50 2
4 C 50 5
4 D 50 3
5 A 1 5
5 B 1 4
5 C 1 3
5 D 1 2
5 A 2 5
5 B 2 3
5 C 2 4
5 D 2 2
5 A 3 2
5 B 3 5
5 C 3 3
5 D 3 4
5 A 4 2
5 B 4 5
5 C 4 3
5 D 4 4
5 A 5 5
5 B 5 2
5 C 5 4
5 D 5 3
5 A 6 1
5 B 6 2
5 C 6 5
5 D 6 4
5 A 7 3
5 B 7 5
5 C 7 4
5 D 7 2
5 A 8 4
5 B 8 3
5 C 8 5
5 D 8 2
5 A 9 4
5 B 9 3
5 C 9 5
5 D 9 2
5 A 10 2
5 B 10 4
5 C 10 5
5 D 10 3
5 A 11 3
5 B 11 2
5 C 11 4
5 D 11 5
5 A 12 5
5 B 12 2
5 C 12 3
5 D 12 4
5 A 13 3
5 B 13 2
5 C 13 4
5 D 13 5
5 A 14 4
5 B 14 3
5 C 14 2
5 D 14 5
5 A 15 3
5 B 15 5
5 C 15 2
5 D 15 4
5 A 16 2
5 B 16 4
5 C 16 3
5 D 16 5
5 A 17 4
5 B 17 3
5 C 17 5
5 D 17 2
5 A 18 5
5 B 18 2
5 C 18 4
5 D 18 3
5 A 19 2
5 B 19 3
5 C 19 5
5 D 19 4
5 A 20 3
5 B 20 4
5 C 20 2
5 D 20 5
5 A 21 2
5 B 21 3
5 C 21 5
5 D 21 4
5 A 22 3
5 B 22 2
5 C 22 5
5 D 22 4
5 A 23 2
5 B 23 5
5 C 23 4
5 D 23 3
5 A 24 2
5 B 24 5
5 C 24 3
5 D 24 4
5 A 25 3
5 B 25 2
5 C 25 4
5 D 25 5
5 A 26 4
5 B 26 5
5 C 26 3
5 D 26 2
5 A 27 2
5 B 27 3
5 C 27 4
5 D 27 5
5 A 28 5
5 B 28 2
5 C 28 4
5 D 28 3
5 A 29 2
5 B 29 5
5 C 29 3
5 D 29 4
5 A 30 3
5 B 30 4
5 C 30 2
5 D 30 5
5 A 31 4
5 B 31 3
5 C 31 2
5 D 31 5
5 A 32 3
5 B 32 4
5 C 32 2
5 D 32 5
5 A 33 3
5 B 33 2
5 C 33 5
5 D 33 4
5 A 34 3
5 B 34 4
5 C 34 5
5 D 34 2
5 A 35 3
5 B 35 5
5 C 35 2
5 D 35 4
5 A 36 5
5 B 36 4
5 C 36 2
5 D 36 3
5 A 37 4
5 B 37 2
5 C 37 5
5 D 37 3
5 A 38 5
5 B 38 4
5 C 38 2
5 D 38 3
5 A 39 2
5 B 39 4
5 C 39 5
5 D 39 3
5 A 40 3
5 B 40 2
5 C 40 5
5 D 40 4
5 A 41 4
5 B 41 3
5 C 41 5
5 D 41 2
5 A 42 5
5 B 42 3
5 C 42 2
5 D 42 4
5 A 43 4
5 B 43 5
5 C 43 2
5 D 43 3
5 A 44 2
5 B 44 5
5 C 44 4
5 D 44 3
5 A 45 2
5 B 45 3
5 C 45 5
5 D 45 4
5 A 46 3
5 B 46 5
5 C 46 4
5 D 46 2
5 A 47 3
5 B 47 4
5 C 47 5
5 D 47 2
5 A 48 5
5 B 48 2
5 C 48 4
5 D 48 3
5 A 49 3
5 B 49 5
5 C 49 4
5 D 49 2
5 A 50 3
5 B 50 2
5 C 50 4
5 D 50 5
6 A 1 5
6 B 1 2
6 C 1 4
6 D 1 3
6 A 2 5
6 B 2 4
6 C 2 2
6 D 2 3
6 A 3 4
6 B 3 2
6 C 3 5
6 D 3 3
6 A 4 5
6 B 4 4
6 C 4 2
6 D 4 3
6 A 5 5
6 B 5 3
6 C 5 2
6 D 5 4
6 A 6 3
6 B 6 5
6 C 6 4
6 D 6 2
6 A 7 3
6 B 7 5
6 C 7 4
6 D 7 1
6 A 8 4
6 B 8 3
6 C 8 2
6 D 8 5
6 A 9 3
6 B 9 2
6 C 9 5
6 D 9 4
6 A 10 5
6 B 10 2
6 C 10 3
6 D 10 4
6 A 11 2
6 B 11 5
6 C 11 3
6 D 11 4
6 A 12 3
6 B 12 4
6 C 12 2
6 D 12 5
6 A 13 4
6 B 13 3
6 C 13 5
6 D 13 2
6 A 14 3
6 B 14 4
6 C 14 5
6 D 14 2
6 A 15 3
6 B 15 4
6 C 15 5
6 D 15 2
6 A 16 2
6 B 16 4
6 C 16 5
6 D 16 3
6 A 17 5
6 B 17 4
6 C 17 2
6 D 17 3
6 A 18 5
6 B 18 3
6 C 18 4
6 D 18 2
6 A 19 5
6 B 19 3
6 C 19 4
6 D 19 2
6 A 20 3
6 B 20 4
6 C 20 5
6 D 20 2
6 A 21 3
6 B 21 4
6 C 21 5
6 D 21 2
6 A 22 4
6 B 22 2
6 C 22 5
6 D 22 3
6 A 23 5
6 B 23 2
6 C 23 4
6 D 23 3
6 A 24 3
6 B 24 5
6 C 24 2
6 D 24 4
6 A 25 4
6 B 25 5
6 C 25 2
6 D 25 3
6 A 26 2
6 B 26 4
6 C 26 5
6 D 26 3
6 A 27 2
6 B 27 5
6 C 27 4
6 D 27 3
6 A 28 3
6 B 28 4
6 C 28 2
6 D 28 5
6 A 29 3
6 B 29 4
6 C 29 5
6 D 29 2
6 A 30 4
6 B 30 3
6 C 30 2
6 D 30 5
6 A 31 5
6 B 31 4
6 C 31 3
6 D 31 2
6 A 32 2
6 B 32 4
6 C 32 5
6 D 32 3
6 A 33 4
6 B 33 3
6 C 33 5
6 D 33 2
6 A 34 4
6 B 34 2
6 C 34 3
6 D 34 5
6 A 35 2
6 B 35 5
6 C 35 3
6 D 35 4
6 A 36 2
6 B 36 5
6 C 36 4
6 D 36 3
6 A 37 3
6 B 37 4
6 C 37 5
6 D 37 2
6 A 38 3
6 B 38 2
6 C 38 5
6 D 38 4
6 A 39 3
6 B 39 4
6 C 39 5
6 D 39 2
6 A 40 2
6 B 40 4
6 C 40 3
6 D 40 5
6 A 41 2
6 B 41 3
6 C 41 5
6 D 41 4
6 A 42 5
6 B 42 2
6 C 42 3
6 D 42 4
6 A 43 3
6 B 43 2
6 C 43 5
6 D 43 4
6 A 44 2
6 B 44 3
6 C 44 4
6 D 44 5
6 A 45 5
6 B 45 4
6 C 45 2
6 D 45 3
6 A 46 2
6 B 46 3
6 C 46 4
6 D 46 5
6 A 47 5
6 B 47 4
6 C 47 3
6 D 47 2
6 A 48 5
6 B 48 2
6 C 48 3
6 D 48 4
6 A 49 3
6 B 49 4
6 C 49 5
6 D 49 2
6 A 50 3
6 B 50 2
6 C 50 4
6 D 50 5
7 A 1 5
7 B 1 4
7 C 1 3
7 D 1 2
7 A 2 2
7 B 2 3
7 C 2 4
7 D 2 5
7 A 3 5
7 B 3 3
7 C 3 2
7 D 3 4
7 A 4 5
7 B 4 2
7 C 4 4
7 D 4 3
7 A 5 5
7 B 5 4
7 C 5 2
7 D 5 3
7 A 6 4
7 B 6 5
7 C 6 2
7 D 6 3
7 A 7 5
7 B 7 3
7 C 7 4
7 D 7 2
7 A 8 2
7 B 8 3
7 C 8 1
7 D 8 4
7 A 9 4
7 B 9 5
7 C 9 2
7 D 9 3
7 A 10 2
7 B 10 4
7 C 10 3
7 D 10 5
7 A 11 2
7 B 11 4
7 C 11 5
7 D 11 3
7 A 12 2
7 B 12 5
7 C 12 3
7 D 12 4
7 A 13 5
7 B 13 2
7 C 13 3
7 D 13 4
7 A 14 4
7 B 14 2
7 C 14 5
7 D 14 3
7 A 15 5
7 B 15 4
7 C 15 2
7 D 15 3
7 A 16 4
7 B 16 5
7 C 16 2
7 D 16 3
7 A 17 5
7 B 17 2
7 C 17 3
7 D 17 4
7 A 18 4
7 B 18 3
7 C 18 2
7 D 18 5
7 A 19 2
7 B 19 3
7 C 19 4
7 D 19 5
7 A 20 3
7 B 20 5
7 C 20 2
7 D 20 4
7 A 21 3
7 B 21 5
7 C 21 2
7 D 21 4
7 A 22 5
7 B 22 4
7 C 22 3
7 D 22 2
7 A 23 4
7 B 23 2
7 C 23 5
7 D 23 3
7 A 24 5
7 B 24 2
7 C 24 4
7 D 24 3
7 A 25 3
7 B 25 2
7 C 25 5
7 D 25 4
7 A 26 3
7 B 26 2
7 C 26 4
7 D 26 5
7 A 27 2
7 B 27 5
7 C 27 3
7 D 27 4
7 A 28 2
7 B 28 5
7 C 28 3
7 D 28 4
7 A 29 3
7 B 29 2
7 C 29 4
7 D 29 5
7 A 30 2
7 B 30 4
7 C 30 5
7 D 30 3
7 A 31 2
7 B 31 4
7 C 31 5
7 D 31 3
7 A 32 3
7 B 32 5
7 C 32 4
7 D 32 2
7 A 33 2
7 B 33 3
7 C 33 4
7 D 33 5
7 A 34 5
7 B 34 4
7 C 34 3
7 D 34 2
7 A 35 4
7 B 35 5
7 C 35 2
7 D 35 3
7 A 36 4
7 B 36 3
7 C 36 5
7 D 36 2
7 A 37 3
7 B 37 5
7 C 37 2
7 D 37 4
7 A 38 4
7 B 38 3
7 C 38 2
7 D 38 5
7 A 39 4
7 B 39 2
7 C 39 5
7 D 39 3
7 A 40 3
7 B 40 4
7 C 40 2
7 D 40 5
7 A 41 5
7 B 41 4
7 C 41 3
7 D 41 2
7 A 42 2
7 B 42 5
7 C 42 3
7 D 42 4
7 A 43 4
7 B 43 3
7 C 43 2
7 D 43 5
7 A 44 2
7 B 44 5
7 C 44 3
7 D 44 4
7 A 45 5
7 B 45 2
7 C 45 3
7 D 45 4
7 A 46 5
7 B 46 4
7 C 46 3
7 D 46 2
7 A 47 3
7 B 47 4
7 C 47 2
7 D 47 5
7 A 48 2
7 B 48 3
7 C 48 4
7 D 48 5
7 A 49 3
7 B 49 2
7 C 49 5
7 D 49 4
7 A 50 4
7 B 50 2
7 C 50 5
7 D 50 3
8 A 1 3
8 B 1 5
8 C 1 2
8 D 1 4
8 A 2 4
8 B 2 5
8 C 2 2
8 D 2 3
8 A 3 5
8 B 3 2
8 C 3 4
8 D 3 3
8 A 4 2
8 B 4 4
8 C 4 3
8 D 4 5
8 A 5 2
8 B 5 4
8 C 5 3
8 D 5 5
8 A 6 4
8 B 6 5
8 C 6 2
8 D 6 3
8 A 7 5
8 B 7 3
8 C 7 2
8 D 7 4
8 A 8 5
8 B 8 2
8 C 8 4
8 D 8 3
8 A 9 1
8 B 9 5
8 C 9 3
8 D 9 2
8 A 10 5
8 B 10 4
8 C 10 3
8 D 10 2
8 A 11 4
8 B 11 2
8 C 11 5
8 D 11 3
8 A 12 5
8 B 12 2
8 C 12 3
8 D 12 4
8 A 13 4
8 B 13 5
8 C 13 2
8 D 13 3
8 A 14 5
8 B 14 2
8 C 14 4
8 D 14 3
8 A 15 4
8 B 15 5
8 C 15 2
8 D 15 3
8 A 16 4
8 B 16 2
8 C 16 3
8 D 16 5
8 A 17 2
8 B 17 3
8 C 17 5
8 D 17 4
8 A 18 3
8 B 18 2
8 C 18 4
8 D 18 5
8 A 19 5
8 B 19 3
8 C 19 4
8 D 19 2
8 A 20 2
8 B 20 3
8 C 20 4
8 D 20 5
8 A 21 2
8 B 21 4
8 C 21 3
8 D 21 5
8 A 22 3
8 B 22 4
8 C 22 5
8 D 22 2
8 A 23 2
8 B 23 5
8 C 23 4
8 D 23 3
8 A 24 3
8 B 24 5
8 C 24 2
8 D 24 4
8 A 25 2
8 B 25 5
8 C 25 3
8 D 25 4
8 A 26 3
8 B 26 5
8 C 26 2
8 D 26 4
8 A 27 4
8 B 27 5
8 C 27 3
8 D 27 2
8 A 28 4
8 B 28 2
8 C 28 5
8 D 28 3
8 A 29 4
8 B 29 5
8 C 29 2
8 D 29 3
8 A 30 2
8 B 30 4
8 C 30 5
8 D 30 3
8 A 31 2
8 B 31 3
8 C 31 5
8 D 31 4
8 A 32 4
8 B 32 2
8 C 32 3
8 D 32 5
8 A 33 5
8 B 33 2
8 C 33 3
8 D 33 4
8 A 34 2
8 B 34 3
8 C 34 5
8 D 34 4
8 A 35 5
8 B 35 2
8 C 35 4
8 D 35 3
8 A 36 4
8 B 36 5
8 C 36 2
8 D 36 3
8 A 37 2
8 B 37 4
8 C 37 3
8 D 37 5
8 A 38 4
8 B 38 5
8 C 38 2
8 D 38 3
8 A 39 2
8 B 39 3
8 C 39 4
8 D 39 5
8 A 40 4
8 B 40 5
8 C 40 3
8 D 40 2
8 A 41 3
8 B 41 5
8 C 41 2
8 D 41 4
8 A 42 2
8 B 42 4
8 C 42 3
8 D 42 5
8 A 43 4
8 B 43 3
8 C 43 5
8 D 43 2
8 A 44 5
8 B 44 4
8 C 44 2
8 D 44 3
8 A 45 5
8 B 45 4
8 C 45 2
8 D 45 3
8 A 46 5
8 B 46 3
8 C 46 4
8 D 46 2
8 A 47 5
8 B 47 3
8 C 47 4
8 D 47 2
8 A 48 2
8 B 48 3
8 C 48 5
8 D 48 4
8 A 49 2
8 B 49 4
8 C 49 5
8 D 49 3
8 A 50 2
8 B 50 3
8 C 50 4
8 D 50 5
9 A 1 3
9 B 1 4
9 C 1 2
9 D 1 5
9 A 2 2
9 B 2 5
9 C 2 3
9 D 2 4
9 A 3 5
9 B 3 4
9 C 3 3
9 D 3 2
9 A 4 2
9 B 4 3
9 C 4 5
9 D 4 4
9 A 5 3
9 B 5 5
9 C 5 2
9 D 5 4
9 A 6 2
9 B 6 4
9 C 6 5
9 D 6 3
9 A 7 5
9 B 7 2
9 C 7 4
9 D 7 3
9 A 8 2
9 B 8 3
9 C 8 5
9 D 8 4
9 A 9 5
9 B 9 4
9 C 9 2
9 D 9 3
9 A 10 2
9 B 10 4
9 C 10 5
9 D 10 1
9 A 11 3
9 B 11 4
9 C 11 2
9 D 11 5
9 A 12 3
9 B 12 5
9 C 12 2
9 D 12 4
9 A 13 2
9 B 13 4
9 C 13 3
9 D 13 5
9 A 14 4
9 B 14 2
9 C 14 3
9 D 14 5
9 A 15 4
9 B 15 2
9 C 15 5
9 D 15 3
9 A 16 4
9 B 16 3
9 C 16 2
9 D 16 5
9 A 17 4
9 B 17 5
9 C 17 2
9 D 17 3
9 A 18 2
9 B 18 5
9 C 18 3
9 D 18 4
9 A 19 3
9 B 19 2
9 C 19 4
9 D 19 5
9 A 20 5
9 B 20 3
9 C 20 2
9 D 20 4
9 A 21 2
9 B 21 4
9 C 21 5
9 D 21 3
9 A 22 3
9 B 22 5
9 C 22 2
9 D 22 4
9 A 23 5
9 B 23 2
9 C 23 3
9 D 23 4
9 A 24 2
9 B 24 3
9 C 24 5
9 D 24 4
9 A 25 3
9 B 25 2
9 C 25 4
9 D 25 5
9 A 26 3
9 B 26 5
9 C 26 2
9 D 26 4
9 A 27 4
9 B 27 3
9 C 27 2
9 D 27 5
9 A 28 3
9 B 28 2
9 C 28 4
9 D 28 5
9 A 29 3
9 B 29 5
9 C 29 4
9 D 29 2
9 A 30 3
9 B 30 4
9 C 30 2
9 D 30 5
9 A 31 3
9 B 31 4
9 C 31 2
9 D 31 5
9 A 32 2
9 B 32 5
9 C 32 3
9 D 32 4
9 A 33 5
9 B 33 3
9 C 33 2
9 D 33 4
9 A 34 4
9 B 34 3
9 C 34 2
9 D 34 5
9 A 35 2
9 B 35 3
9 C 35 5
9 D 35 4
9 A 36 3
9 B 36 4
9 C 36 5
9 D 36 2
9 A 37 3
9 B 37 2
9 C 37 4
9 D 37 5
9 A 38 4
9 B 38 2
9 C 38 3
9 D 38 5
9 A 39 5
9 B 39 2
9 C 39 3
9 D 39 4
9 A 40 5
9 B 40 3
9 C 40 2
9 D 40 4
9 A 41 4
9 B 41 3
9 C 41 2
9 D 41 5
9 A 42 5
9 B 42 2
9 C 42 3
9 D 42 4
9 A 43 4
9 B 43 5
9 C 43 2
9 D 43 3
9 A 44 3
9 B 44 2
9 C 44 4
9 D 44 5
9 A 45 4
9 B 45 3
9 C 45 5
9 D 45 2
9 A 46 3
9 B 46 2
9 C 46 5
9 D 46 4
9 A 47 2
9 B 47 4
9 C 47 3
9 D 47 5
9 A 48 2
9 B 48 3
9 C 48 4
9 D 48 5
9 A 49 5
9 B 49 4
9 C 49 3
9 D 49 2
9 A 50 3
9 B 50 4
9 C 50 2
9 D 50 5
10 A 1 5
10 B 1 4
10 C 1 3
10 D 1 2
10 A 2 2
10 B 2 5
10 C 2 3
10 D 2 4
10 A 3 4
10 B 3 2
10 C 3 5
10 D 3 3
10 A 4 5
10 B 4 3
10 C 4 4
10 D 4 2
10 A 5 2
10 B 5 3
10 C 5 4
10 D 5 5
10 A 6 5
10 B 6 4
10 C 6 2
10 D 6 3
10 A 7 3
10 B 7 2
10 C 7 5
10 D 7 4
10 A 8 3
10 B 8 5
10 C 8 4
10 D 8 2
10 A 9 4
10 B 9 3
10 C 9 5
10 D 9 2
10 A 10 4
10 B 10 5
10 C 10 3
10 D 10 2
10 A 11 4
10 B 11 1
10 C 11 3
10 D 11 5
10 A 12 2
10 B 12 5
10 C 12 4
10 D 12 3
10 A 13 4
10 B 13 5
10 C 13 2
10 D 13 3
10 A 14 4
10 B 14 2
10 C 14 3
10 D 14 5
10 A 15 2
10 B 15 5
10 C 15 3
10 D 15 4
10 A 16 5
10 B 16 3
10 C 16 4
10 D 16 2
10 A 17 4
10 B 17 2
10 C 17 3
10 D 17 5
10 A 18 5
10 B 18 3
10 C 18 4
10 D 18 2
10 A 19 4
10 B 19 5
10 C 19 2
10 D 19 3
10 A 20 4
10 B 20 3
10 C 20 2
10 D 20 5
10 A 21 5
10 B 21 4
10 C 21 2
10 D 21 3
10 A 22 3
10 B 22 5
10 C 22 4
10 D 22 2
10 A 23 5
10 B 23 2
10 C 23 4
10 D 23 3
10 A 24 4
10 B 24 2
10 C 24 3
10 D 24 5
10 A 25 4
10 B 25 3
10 C 25 2
10 D 25 5
10 A 26 3
10 B 26 2
10 C 26 5
10 D 26 4
10 A 27 4
10 B 27 5
10 C 27 3
10 D 27 2
10 A 28 4
10 B 28 5
10 C 28 3
10 D 28 2
10 A 29 5
10 B 29 4
10 C 29 3
10 D 29 2
10 A 30 4
10 B 30 2
10 C 30 5
10 D 30 3
10 A 31 5
10 B 31 3
10 C 31 4
10 D 31 2
10 A 32 4
10 B 32 5
10 C 32 2
10 D 32 3
10 A 33 2
10 B 33 3
10 C 33 4
10 D 33 5
10 A 34 2
10 B 34 3
10 C 34 4
10 D 34 5
10 A 35 2
10 B 35 5
10 C 35 4
10 D 35 3
10 A 36 2
10 B 36 3
10 C 36 4
10 D 36 5
10 A 37 4
10 B 37 2
10 C 37 5
10 D 37 3
10 A 38 2
10 B 38 3
10 C 38 5
10 D 38 4
10 A 39 2
10 B 39 4
10 C 39 3
10 D 39 5
10 A 40 4
10 B 40 3
10 C 40 2
10 D 40 5
10 A 41 3
10 B 41 2
10 C 41 5
10 D 41 4
10 A 42 2
10 B 42 5
10 C 42 4
10 D 42 3
10 A 43 3
10 B 43 4
10 C 43 2
10 D 43 5
10 A 44 2
10 B 44 3
10 C 44 4
10 D 44 5
10 A 45 2
10 B 45 3
10 C 45 4
10 D 45 5
10 A 46 5
10 B 46 4
10 C 46 2
10 D 46 3
10 A 47 4
10 B 47 3
10 C 47 5
10 D 47 2
10 A 48 3
10 B 48 2
10 C 48 5
10 D 48 4
10 A 49 4
10 B 49 2
10 C 49 5
10 D 49 3
10 A 50 2
10 B 50 4
10 C 50 3
10 D 50 5
11 A 1 3
11 B 1 5
11 C 1 4
11 D 1 2
11 A 2 4
11 B 2 3
11 C 2 2
11 D 2 5
11 A 3 5
11 B 3 2
11 C 3 3
11 D 3 4
11 A 4 5
11 B 4 2
11 C 4 3
11 D 4 4
11 A 5 3
11 B 5 5
11 C 5 4
11 D 5 2
11 A 6 2
11 B 6 5
11 C 6 4
11 D 6 3
11 A 7 5
11 B 7 4
11 C 7 3
11 D 7 2
11 A 8 5
11 B 8 4
11 C 8 2
11 D 8 3
11 A 9 2
11 B 9 5
11 C 9 4
11 D 9 3
11 A 10 3
11 B 10 5
11 C 10 4
11 D 10 2
11 A 11 2
11 B 11 3
11 C 11 5
11 D 11 4
11 A 12 4
11 B 12 1
11 C 12 5
11 D 12 2
11 A 13 3
11 B 13 4
11 C 13 5
11 D 13 2
11 A 14 5
11 B 14 2
11 C 14 3
11 D 14 4
11 A 15 2
11 B 15 4
11 C 15 5
11 D 15 3
11 A 16 5
11 B 16 4
11 C 16 3
11 D 16 2
11 A 17 5
11 B 17 4
11 C 17 3
11 D 17 2
11 A 18 4
11 B 18 3
11 C 18 2
11 D 18 5
11 A 19 3
11 B 19 4
11 C 19 5
11 D 19 2
11 A 20 2
11 B 20 3
11 C 20 4
11 D 20 5
11 A 21 3
11 B 21 4
11 C 21 2
11 D 21 5
11 A 22 2
11 B 22 5
11 C 22 4
11 D 22 3
11 A 23 2
11 B 23 3
11 C 23 5
11 D 23 4
11 A 24 3
11 B 24 5
11 C 24 2
11 D 24 4
11 A 25 3
11 B 25 2
11 C 25 5
11 D 25 4
11 A 26 3
11 B 26 2
11 C 26 5
11 D 26 4
11 A 27 5
11 B 27 3
11 C 27 2
11 D 27 4
11 A 28 2
11 B 28 4
11 C 28 3
11 D 28 5
11 A 29 3
11 B 29 4
11 C 29 5
11 D 29 2
11 A 30 3
11 B 30 2
11 C 30 5
11 D 30 4
11 A 31 3
11 B 31 4
11 C 31 2
11 D 31 5
11 A 32 4
11 B 32 2
11 C 32 3
11 D 32 5
11 A 33 3
11 B 33 5
11 C 33 4
11 D 33 2
11 A 34 4
11 B 34 5
11 C 34 3
11 D 34 2
11 A 35 4
11 B 35 5
11 C 35 3
11 D 35 2
11 A 36 3
11 B 36 5
11 C 36 2
11 D 36 4
11 A 37 2
11 B 37 4
11 C 37 3
11 D 37 5
11 A 38 2
11 B 38 3
11 C 38 5
11 D 38 4
11 A 39 5
11 B 39 4
11 C 39 3
11 D 39 2
11 A 40 5
11 B 40 2
11 C 40 4
11 D 40 3
11 A 41 2
11 B 41 4
11 C 41 5
11 D 41 3
11 A 42 3
11 B 42 4
11 C 42 5
11 D 42 2
11 A 43 3
11 B 43 5
11 C 43 4
11 D 43 2
11 A 44 3
11 B 44 2
11 C 44 4
11 D 44 5
11 A 45 4
11 B 45 2
11 C 45 5
11 D 45 3
11 A 46 4
11 B 46 2
11 C 46 3
11 D 46 5
11 A 47 4
11 B 47 5
11 C 47 2
11 D 47 3
11 A 48 2
11 B 48 4
11 C 48 5
11 D 48 3
11 A 49 3
11 B 49 4
11 C 49 2
11 D 49 5
11 A 50 4
11 B 50 3
11 C 50 2
11 D 50 5
12 A 1 4
12 B 1 3
12 C 1 5
12 D 1 2
12 A 2 5
12 B 2 2
12 C 2 4
12 D 2 3
12 A 3 4
12 B 3 3
12 C 3 2
12 D 3 5
12 A 4 4
12 B 4 3
12 C 4 2
12 D 4 5
12 A 5 3
12 B 5 5
12 C 5 4
12 D 5 2
12 A 6 2
12 B 6 3
12 C 6 4
12 D 6 5
12 A 7 4
12 B 7 2
12 C 7 3
12 D 7 5
12 A 8 2
12 B 8 3
12 C 8 5
12 D 8 4
12 A 9 4
12 B 9 2
12 C 9 5
12 D 9 3
12 A 10 5
12 B 10 3
12 C 10 4
12 D 10 2
12 A 11 2
12 B 11 5
12 C 11 4
12 D 11 3
12 A 12 5
12 B 12 2
12 C 12 4
12 D 12 3
12 A 13 1
12 B 13 4
12 C 13 5
12 D 13 3
12 A 14 4
12 B 14 3
12 C 14 2
12 D 14 5
12 A 15 3
12 B 15 4
12 C 15 5
12 D 15 2
12 A 16 4
12 B 16 5
12 C 16 2
12 D 16 3
12 A 17 5
12 B 17 2
12 C 17 3
12 D 17 4
12 A 18 3
12 B 18 5
12 C 18 2
12 D 18 4
12 A 19 5
12 B 19 2
12 C 19 3
12 D 19 4
12 A 20 2
12 B 20 4
12 C 20 3
12 D 20 5
12 A 21 2
12 B 21 3
12 C 21 5
12 D 21 4
12 A 22 5
12 B 22 2
12 C 22 3
12 D 22 4
12 A 23 5
12 B 23 2
12 C 23 4
12 D 23 3
12 A 24 2
12 B 24 5
12 C 24 4
12 D 24 3
12 A 25 5
12 B 25 2
12 C 25 4
12 D 25 3
12 A 26 3
12 B 26 5
12 C 26 4
12 D 26 2
12 A 27 3
12 B 27 5
12 C 27 2
12 D 27 4
12 A 28 3
12 B 28 4
12 C 28 2
12 D 28 5
12 A 29 4
12 B 29 3
12 C 29 5
12 D 29 2
12 A 30 3
12 B 30 2
12 C 30 5
12 D 30 4
12 A 31 2
12 B 31 3
12 C 31 4
12 D 31 5
12 A 32 2
12 B 32 4
12 C 32 3
12 D 32 5
12 A 33 4
12 B 33 5
12 C 33 3
12 D 33 2
12 A 34 3
12 B 34 5
12 C 34 4
12 D 34 2
12 A 35 2
12 B 35 5
12 C 35 3
12 D 35 4
12 A 36 4
12 B 36 3
12 C 36 5
12 D 36 2
12 A 37 2
12 B 37 5
12 C 37 4
12 D 37 3
12 A 38 5
12 B 38 4
12 C 38 2
12 D 38 3
12 A 39 2
12 B 39 4
12 C 39 3
12 D 39 5
12 A 40 2
12 B 40 4
12 C 40 3
12 D 40 5
12 A 41 5
12 B 41 2
12 C 41 4
12 D 41 3
12 A 42 5
12 B 42 3
12 C 42 2
12 D 42 4
12 A 43 3
12 B 43 4
12 C 43 5
12 D 43 2
12 A 44 5
12 B 44 2
12 C 44 4
12 D 44 3
12 A 45 3
12 B 45 4
12 C 45 2
12 D 45 5
12 A 46 4
12 B 46 2
12 C 46 3
12 D 46 5
12 A 47 3
12 B 47 2
12 C 47 5
12 D 47 4
12 A 48 3
12 B 48 4
12 C 48 2
12 D 48 5
12 A 49 5
12 B 49 4
12 C 49 2
12 D 49 3
12 A 50 2
12 B 50 5
12 C 50 4
12 D 50 3
13 A 1 3
13 B 1 5
13 C 1 4
13 D 1 2
13 A 2 2
13 B 2 3
13 C 2 4
13 D 2 5
13 A 3 3
13 B 3 5
13 C 3 2
13 D 3 4
13 A 4 3
13 B 4 5
13 C 4 2
13 D 4 4
13 A 5 4
13 B 5 3
13 C 5 2
13 D 5 5
13 A 6 4
13 B 6 3
13 C 6 2
13 D 6 5
13 A 7 2
13 B 7 4
13 C 7 5
13 D 7 3
13 A 8 5
13 B 8 3
13 C 8 4
13 D 8 2
13 A 9 3
13 B 9 2
13 C 9 5
13 D 9 4
13 A 10 5
13 B 10 2
13 C 10 3
13 D 10 4
13 A 11 5
13 B 11 3
13 C 11 2
13 D 11 4
13 A 12 4
13 B 12 3
13 C 12 5
13 D 12 2
13 A 13 4
13 B 13 5
13 C 13 2
13 D 13 3
13 A 14 4
13 B 14 3
13 C 14 2
13 D 14 1
13 A 15 5
13 B 15 2
13 C 15 3
13 D 15 4
13 A 16 3
13 B 16 5
13 C 16 2
13 D 16 4
13 A 17 5
13 B 17 4
13 C 17 2
13 D 17 3
13 A 18 2
13 B 18 4
13 C 18 5
13 D 18 3
13 A 19 5
13 B 19 4
13 C 19 3
13 D 19 2
13 A 20 2
13 B 20 5
13 C 20 4
13 D 20 3
13 A 21 3
13 B 21 5
13 C 21 2
13 D 21 4
13 A 22 4
13 B 22 5
13 C 22 3
13 D 22 2
13 A 23 4
13 B 23 3
13 C 23 5
13 D 23 2
13 A 24 4
13 B 24 3
13 C 24 5
13 D 24 2
13 A 25 4
13 B 25 3
13 C 25 5
13 D 25 2
13 A 26 5
13 B 26 2
13 C 26 4
13 D 26 3
13 A 27 4
13 B 27 2
13 C 27 3
13 D 27 5
13 A 28 5
13 B 28 2
13 C 28 3
13 D 28 4
13 A 29 2
13 B 29 4
13 C 29 3
13 D 29 5
13 A 30 4
13 B 30 3
13 C 30 2
13 D 30 5
13 A 31 5
13 B 31 3
13 C 31 4
13 D 31 2
13 A 32 2
13 B 32 3
13 C 32 5
13 D 32 4
13 A 33 3
13 B 33 4
13 C 33 5
13 D 33 2
13 A 34 2
13 B 34 4
13 C 34 5
13 D 34 3
13 A 35 2
13 B 35 3
13 C 35 4
13 D 35 5
13 A 36 5
13 B 36 2
13 C 36 3
13 D 36 4
13 A 37 4
13 B 37 2
13 C 37 3
13 D 37 5
13 A 38 4
13 B 38 5
13 C 38 2
13 D 38 3
13 A 39 3
13 B 39 5
13 C 39 4
13 D 39 2
13 A 40 5
13 B 40 3
13 C 40 2
13 D 40 4
13 A 41 5
13 B 41 2
13 C 41 4
13 D 41 3
13 A 42 4
13 B 42 2
13 C 42 5
13 D 42 3
13 A 43 4
13 B 43 3
13 C 43 5
13 D 43 2
13 A 44 3
13 B 44 5
13 C 44 2
13 D 44 4
13 A 45 4
13 B 45 3
13 C 45 2
13 D 45 5
13 A 46 5
13 B 46 2
13 C 46 3
13 D 46 4
13 A 47 2
13 B 47 3
13 C 47 5
13 D 47 4
13 A 48 3
13 B 48 5
13 C 48 4
13 D 48 2
13 A 49 2
13 B 49 4
13 C 49 3
13 D 49 5
13 A 50 5
13 B 50 3
13 C 50 2
13 D 50 4
14 A 1 2
14 B 1 4
14 C 1 5
14 D 1 3
14 A 2 4
14 B 2 5
14 C 2 3
14 D 2 2
14 A 3 5
14 B 3 2
14 C 3 3
14 D 3 4
14 A 4 5
14 B 4 3
14 C 4 2
14 D 4 4
14 A 5 2
14 B 5 4
14 C 5 5
14 D 5 3
14 A 6 4
14 B 6 2
14 C 6 5
14 D 6 3
14 A 7 4
14 B 7 2
14 C 7 3
14 D 7 5
14 A 8 3
14 B 8 2
14 C 8 4
14 D 8 5
14 A 9 2
14 B 9 5
14 C 9 3
14 D 9 4
14 A 10 3
14 B 10 2
14 C 10 5
14 D 10 4
14 A 11 5
14 B 11 3
14 C 11 4
14 D 11 2
14 A 12 3
14 B 12 5
14 C 12 2
14 D 12 4
14 A 13 5
14 B 13 2
14 C 13 4
14 D 13 3
14 A 14 3
14 B 14 2
14 C 14 4
14 D 14 5
14 A 15 1
14 B 15 5
14 C 15 3
14 D 15 2
14 A 16 5
14 B 16 2
14 C 16 3
14 D 16 4
14 A 17 4
14 B 17 2
14 C 17 3
14 D 17 5
14 A 18 2
14 B 18 5
14 C 18 3
14 D 18 4
14 A 19 5
14 B 19 3
14 C 19 4
14 D 19 2
14 A 20 3
14 B 20 5
14 C 20 2
14 D 20 4
14 A 21 4
14 B 21 3
14 C 21 5
14 D 21 2
14 A 22 3
14 B 22 2
14 C 22 4
14 D 22 5
14 A 23 5
14 B 23 4
14 C 23 3
14 D 23 2
14 A 24 4
14 B 24 3
14 C 24 2
14 D 24 5
14 A 25 5
14 B 25 2
14 C 25 4
14 D 25 3
14 A 26 2
14 B 26 3
14 C 26 5
14 D 26 4
14 A 27 5
14 B 27 2
14 C 27 3
14 D 27 4
14 A 28 2
14 B 28 5
14 C 28 3
14 D 28 4
14 A 29 3
14 B 29 5
14 C 29 2
14 D 29 4
14 A 30 3
14 B 30 4
14 C 30 5
14 D 30 2
14 A 31 5
14 B 31 2
14 C 31 4
14 D 31 3
14 A 32 5
14 B 32 3
14 C 32 2
14 D 32 4
14 A 33 5
14 B 33 3
14 C 33 2
14 D 33 4
14 A 34 5
14 B 34 3
14 C 34 4
14 D 34 2
14 A 35 2
14 B 35 5
14 C 35 4
14 D 35 3
14 A 36 5
14 B 36 2
14 C 36 4
14 D 36 3
14 A 37 3
14 B 37 2
14 C 37 5
14 D 37 4
14 A 38 3
14 B 38 5
14 C 38 2
14 D 38 4
14 A 39 5
14 B 39 4
14 C 39 2
14 D 39 3
14 A 40 2
14 B 40 3
14 C 40 4
14 D 40 5
14 A 41 5
14 B 41 2
14 C 41 3
14 D 41 4
14 A 42 2
14 B 42 5
14 C 42 3
14 D 42 4
14 A 43 5
14 B 43 2
14 C 43 3
14 D 43 4
14 A 44 4
14 B 44 5
14 C 44 2
14 D 44 3
14 A 45 5
14 B 45 2
14 C 45 3
14 D 45 4
14 A 46 4
14 B 46 3
14 C 46 5
14 D 46 2
14 A 47 4
14 B 47 2
14 C 47 5
14 D 47 3
14 A 48 5
14 B 48 4
14 C 48 2
14 D 48 3
14 A 49 4
14 B 49 3
14 C 49 2
14 D 49 5
14 A 50 5
14 B 50 4
14 C 50 2
14 D 50 3
15 A 1 5
15 B 1 3
15 C 1 2
15 D 1 4
15 A 2 5
15 B 2 4
15 C 2 3
15 D 2 2
15 A 3 2
15 B 3 5
15 C 3 3
15 D 3 4
15 A 4 5
15 B 4 3
15 C 4 2
15 D 4 4
15 A 5 2
15 B 5 3
15 C 5 4
15 D 5 5
15 A 6 2
15 B 6 3
15 C 6 4
15 D 6 5
15 A 7 2
15 B 7 4
15 C 7 5
15 D 7 3
15 A 8 5
15 B 8 2
15 C 8 4
15 D 8 3
15 A 9 4
15 B 9 5
15 C 9 3
15 D 9 2
15 A 10 2
15 B 10 5
15 C 10 4
15 D 10 3
15 A 11 2
15 B 11 3
15 C 11 4
15 D 11 5
15 A 12 5
15 B 12 3
15 C 12 2
15 D 12 4
15 A 13 2
15 B 13 5
15 C 13 3
15 D 13 4
15 A 14 5
15 B 14 2
15 C 14 4
15 D 14 3
15 A 15 3
15 B 15 5
15 C 15 2
15 D 15 4
15 A 16 3
15 B 16 1
15 C 16 4
15 D 16 2
15 A 17 2
15 B 17 5
15 C 17 4
15 D 17 3
15 A 18 5
15 B 18 3
15 C 18 4
15 D 18 2
15 A 19 2
15 B 19 5
15 C 19 3
15 D 19 4
15 A 20 3
15 B 20 5
15 C 20 4
15 D 20 2
15 A 21 4
15 B 21 3
15 C 21 5
15 D 21 2
15 A 22 3
15 B 22 4
15 C 22 2
15 D 22 5
15 A 23 5
15 B 23 3
15 C 23 4
15 D 23 2
15 A 24 4
15 B 24 2
15 C 24 3
15 D 24 5
15 A 25 4
15 B 25 3
15 C 25 5
15 D 25 2
15 A 26 4
15 B 26 2
15 C 26 3
15 D 26 5
15 A 27 2
15 B 27 5
15 C 27 3
15 D 27 4
15 A 28 2
15 B 28 4
15 C 28 5
15 D 28 3
15 A 29 2
15 B 29 4
15 C 29 3
15 D 29 5
15 A 30 5
15 B 30 3
15 C 30 2
15 D 30 4
15 A 31 3
15 B 31 2
15 C 31 4
15 D 31 5
15 A 32 4
15 B 32 5
15 C 32 2
15 D 32 3
15 A 33 5
15 B 33 3
15 C 33 4
15 D 33 2
15 A 34 2
15 B 34 3
15 C 34 4
15 D 34 5
15 A 35 4
15 B 35 5
15 C 35 3
15 D 35 2
15 A 36 4
15 B 36 2
15 C 36 3
15 D 36 5
15 A 37 5
15 B 37 4
15 C 37 3
15 D 37 2
15 A 38 3
15 B 38 5
15 C 38 4
15 D 38 2
15 A 39 5
15 B 39 4
15 C 39 2
15 D 39 3
15 A 40 5
15 B 40 4
15 C 40 2
15 D 40 3
15 A 41 4
15 B 41 2
15 C 41 5
15 D 41 3
15 A 42 2
15 B 42 4
15 C 42 5
15 D 42 3
15 A 43 4
15 B 43 3
15 C 43 2
15 D 43 5
15 A 44 5
15 B 44 4
15 C 44 2
15 D 44 3
15 A 45 2
15 B 45 3
15 C 45 4
15 D 45 5
15 A 46 4
15 B 46 3
15 C 46 2
15 D 46 5
15 A 47 5
15 B 47 2
15 C 47 3
15 D 47 4
15 A 48 4
15 B 48 2
15 C 48 3
15 D 48 5
15 A 49 2
15 B 49 5
15 C 49 4
15 D 49 3
15 A 50 2
15 B 50 3
15 C 50 5
15 D 50 4
16 A 1 3
16 B 1 2
16 C 1 5
16 D 1 4
16 A 2 2
16 B 2 4
16 C 2 3
16 D 2 5
16 A 3 4
16 B 3 3
16 C 3 5
16 D 3 2
16 A 4 4
16 B 4 5
16 C 4 2
16 D 4 3
16 A 5 5
16 B 5 3
16 C 5 4
16 D 5 2
16 A 6 4
16 B 6 3
16 C 6 2
16 D 6 5
16 A 7 4
16 B 7 5
16 C 7 3
16 D 7 2
16 A 8 2
16 B 8 3
16 C 8 4
16 D 8 5
16 A 9 2
16 B 9 3
16 C 9 4
16 D 9 5
16 A 10 2
16 B 10 3
16 C 10 4
16 D 10 5
16 A 11 2
16 B 11 5
16 C 11 3
16 D 11 4
16 A 12 4
16 B 12 5
16 C 12 2
16 D 12 3
16 A 13 4
16 B 13 5
16 C 13 2
16 D 13 3
16 A 14 3
16 B 14 2
16 C 14 5
16 D 14 4
16 A 15 3
16 B 15 2
16 C 15 4
16 D 15 5
16 A 16 4
16 B 16 2
16 C 16 3
16 D 16 5
16 A 17 2
16 B 17 4
16 C 17 5
16 D 17 1
16 A 18 2
16 B 18 4
16 C 18 3
16 D 18 5
16 A 19 3
16 B 19 4
16 C 19 5
16 D 19 2
16 A 20 2
16 B 20 5
16 C 20 4
16 D 20 3
16 A 21 2
16 B 21 3
16 C 21 4
16 D 21 5
16 A 22 4
16 B 22 2
16 C 22 5
16 D 22 3
16 A 23 3
16 B 23 4
16 C 23 5
16 D 23 2
16 A 24 5
16 B 24 3
16 C 24 2
16 D 24 4
16 A 25 4
16 B 25 3
16 C 25 2
16 D 25 5
16 A 26 4
16 B 26 5
16 C 26 2
16 D 26 3
16 A 27 4
16 B 27 2
16 C 27 3
16 D 27 5
16 A 28 2
16 B 28 5
16 C 28 4
16 D 28 3
16 A 29 5
16 B 29 2
16 C 29 4
16 D 29 3
16 A 30 4
16 B 30 2
16 C 30 3
16 D 30 5
16 A 31 3
16 B 31 2
16 C 31 4
16 D 31 5
16 A 32 5
16 B 32 2
16 C 32 4
16 D 32 3
16 A 33 4
16 B 33 2
16 C 33 5
16 D 33 3
16 A 34 3
16 B 34 2
16 C 34 5
16 D 34 4
16 A 35 3
16 B 35 2
16 C 35 5
16 D 35 4
16 A 36 5
16 B 36 3
16 C 36 4
16 D 36 2
16 A 37 4
16 B 37 2
16 C 37 3
16 D 37 5
16 A 38 4
16 B 38 2
16 C 38 5
16 D 38 3
16 A 39 2
16 B 39 4
16 C 39 5
16 D 39 3
16 A 40 2
16 B 40 4
16 C 40 5
16 D 40 3
16 A 41 4
16 B 41 3
16 C 41 5
16 D 41 2
16 A 42 5
16 B 42 2
16 C 42 3
16 D 42 4
16 A 43 3
16 B 43 2
16 C 43 4
16 D 43 5
16 A 44 3
16 B 44 5
16 C 44 2
16 D 44 4
16 A 45 3
16 B 45 5
16 C 45 2
16 D 45 4
16 A 46 2
16 B 46 4
16 C 46 5
16 D 46 3
16 A 47 4
16 B 47 3
16 C 47 5
16 D 47 2
16 A 48 5
16 B 48 4
16 C 48 2
16 D 48 3
16 A 49 4
16 B 49 3
16 C 49 2
16 D 49 5
16 A 50 4
16 B 50 5
16 C 50 3
16 D 50 2
17 A 1 5
17 B 1 4
17 C 1 2
17 D 1 3
17 A 2 5
17 B 2 2
17 C 2 3
17 D 2 4
17 A 3 2
17 B 3 3
17 C 3 4
17 D 3 5
17 A 4 5
17 B 4 4
17 C 4 2
17 D 4 3
17 A 5 4
17 B 5 2
17 C 5 5
17 D 5 3
17 A 6 4
17 B 6 5
17 C 6 2
17 D 6 3
17 A 7 2
17 B 7 5
17 C 7 3
17 D 7 4
17 A 8 4
17 B 8 5
17 C 8 2
17 D 8 3
17 A 9 5
17 B 9 3
17 C 9 2
17 D 9 4
17 A 10 4
17 B 10 2
17 C 10 5
17 D 10 3
17 A 11 5
17 B 11 3
17 C 11 2
17 D 11 4
17 A 12 3
17 B 12 2
17 C 12 5
17 D 12 4
17 A 13 2
17 B 13 3
17 C 13 4
17 D 13 5
17 A 14 5
17 B 14 2
17 C 14 4
17 D 14 3
17 A 15 2
17 B 15 5
17 C 15 3
17 D 15 4
17 A 16 2
17 B 16 4
17 C 16 5
17 D 16 3
17 A 17 5
17 B 17 4
17 C 17 2
17 D 17 3
17 A 18 1
17 B 18 5
17 C 18 4
17 D 18 2
17 A 19 4
17 B 19 5
17 C 19 2
17 D 19 3
17 A 20 4
17 B 20 5
17 C 20 3
17 D 20 2
17 A 21 3
17 B 21 4
17 C 21 5
17 D 21 2
17 A 22 2
17 B 22 3
17 C 22 4
17 D 22 5
17 A 23 2
17 B 23 4
17 C 23 3
17 D 23 5
17 A 24 5
17 B 24 3
17 C 24 2
17 D 24 4
17 A 25 2
17 B 25 3
17 C 25 5
17 D 25 4
17 A 26 4
17 B 26 3
17 C 26 5
17 D 26 2
17 A 27 3
17 B 27 4
17 C 27 5
17 D 27 2
17 A 28 3
17 B 28 2
17 C 28 5
17 D 28 4
17 A 29 2
17 B 29 4
17 C 29 5
17 D 29 3
17 A 30 3
17 B 30 2
17 C 30 5
17 D 30 4
17 A 31 2
17 B 31 5
17 C 31 3
17 D 31 4
17 A 32 3
17 B 32 2
17 C 32 4
17 D 32 5
17 A 33 3
17 B 33 2
17 C 33 4
17 D 33 5
17 A 34 4
17 B 34 2
17 C 34 3
17 D 34 5
17 A 35 3
17 B 35 5
17 C 35 2
17 D 35 4
17 A 36 5
17 B 36 3
17 C 36 4
17 D 36 2
17 A 37 5
17 B 37 4
17 C 37 3
17 D 37 2
17 A 38 2
17 B 38 4
17 C 38 3
17 D 38 5
17 A 39 4
17 B 39 3
17 C 39 5
17 D 39 2
17 A 40 4
17 B 40 5
17 C 40 2
17 D 40 3
17 A 41 4
17 B 41 2
17 C 41 5
17 D 41 3
17 A 42 3
17 B 42 5
17 C 42 4
17 D 42 2
17 A 43 4
17 B 43 3
17 C 43 5
17 D 43 2
17 A 44 5
17 B 44 4
17 C 44 3
17 D 44 2
17 A 45 3
17 B 45 2
17 C 45 4
17 D 45 5
17 A 46 5
17 B 46 3
17 C 46 2
17 D 46 4
17 A 47 2
17 B 47 4
17 C 47 5
17 D 47 3
17 A 48 4
17 B 48 5
17 C 48 2
17 D 48 3
17 A 49 4
17 B 49 2
17 C 49 3
17 D 49 5
17 A 50 2
17 B 50 5
17 C 50 3
17 D 50 4
18 A 1 5
18 B 1 3
18 C 1 2
18 D 1 4
18 A 2 5
18 B 2 3
18 C 2 2
18 D 2 4
18 A 3 4
18 B 3 5
18 C 3 3
18 D 3 2
18 A 4 3
18 B 4 4
18 C 4 2
18 D 4 5
18 A 5 2
18 B 5 3
18 C 5 5
18 D 5 4
18 A 6 4
18 B 6 5
18 C 6 3
18 D 6 2
18 A 7 4
18 B 7 2
18 C 7 5
18 D 7 3
18 A 8 2
18 B 8 4
18 C 8 5
18 D 8 3
18 A 9 2
18 B 9 4
18 C 9 5
18 D 9 3
18 A 10 5
18 B 10 3
18 C 10 4
18 D 10 2
18 A 11 5
18 B 11 4
18 C 11 2
18 D 11 3
18 A 12 3
18 B 12 2
18 C 12 5
18 D 12 4
18 A 13 5
18 B 13 2
18 C 13 4
18 D 13 3
18 A 14 4
18 B 14 5
18 C 14 2
18 D 14 3
18 A 15 2
18 B 15 3
18 C 15 5
18 D 15 4
18 A 16 3
18 B 16 2
18 C 16 4
18 D 16 5
18 A 17 5
18 B 17 4
18 C 17 2
18 D 17 3
18 A 18 5
18 B 18 2
18 C 18 4
18 D 18 3
18 A 19 1
18 B 19 3
18 C 19 5
18 D 19 4
18 A 20 5
18 B 20 2
18 C 20 3
18 D 20 4
18 A 21 4
18 B 21 3
18 C 21 5
18 D 21 2
18 A 22 2
18 B 22 3
18 C 22 5
18 D 22 4
18 A 23 2
18 B 23 3
18 C 23 4
18 D 23 5
18 A 24 5
18 B 24 3
18 C 24 2
18 D 24 4
18 A 25 4
18 B 25 5
18 C 25 2
18 D 25 3
18 A 26 3
18 B 26 2
18 C 26 4
18 D 26 5
18 A 27 2
18 B 27 3
18 C 27 5
18 D 27 4
18 A 28 4
18 B 28 3
18 C 28 2
18 D 28 5
18 A 29 4
18 B 29 3
18 C 29 2
18 D 29 5
18 A 30 5
18 B 30 2
18 C 30 4
18 D 30 3
18 A 31 2
18 B 31 4
18 C 31 3
18 D 31 5
18 A 32 5
18 B 32 3
18 C 32 2
18 D 32 4
18 A 33 3
18 B 33 2
18 C 33 4
18 D 33 5
18 A 34 3
18 B 34 2
18 C 34 4
18 D 34 5
18 A 35 2
18 B 35 5
18 C 35 4
18 D 35 3
18 A 36 5
18 B 36 2
18 C 36 3
18 D 36 4
18 A 37 4
18 B 37 5
18 C 37 2
18 D 37 3
18 A 38 4
18 B 38 5
18 C 38 3
18 D 38 2
18 A 39 3
18 B 39 4
18 C 39 2
18 D 39 5
18 A 40 5
18 B 40 2
18 C 40 3
18 D 40 4
18 A 41 5
18 B 41 3
18 C 41 4
18 D 41 2
18 A 42 5
18 B 42 3
18 C 42 2
18 D 42 4
18 A 43 4
18 B 43 3
18 C 43 2
18 D 43 5
18 A 44 4
18 B 44 3
18 C 44 2
18 D 44 5
18 A 45 3
18 B 45 2
18 C 45 5
18 D 45 4
18 A 46 4
18 B 46 5
18 C 46 3
18 D 46 2
18 A 47 3
18 B 47 2
18 C 47 5
18 D 47 4
18 A 48 5
18 B 48 4
18 C 48 3
18 D 48 2
18 A 49 4
18 B 49 5
18 C 49 3
18 D 49 2
18 A 50 3
18 B 50 5
18 C 50 2
18 D 50 4
19 A 1 2
19 B 1 3
19 C 1 4
19 D 1 5
19 A 2 3
19 B 2 2
19 C 2 5
19 D 2 4
19 A 3 3
19 B 3 5
19 C 3 2
19 D 3 4
19 A 4 2
19 B 4 5
19 C 4 3
19 D 4 4
19 A 5 4
19 B 5 2
19 C 5 5
19 D 5 3
19 A 6 5
19 B 6 4
19 C 6 3
19 D 6 2
19 A 7 3
19 B 7 5
19 C 7 2
19 D 7 4
19 A 8 4
19 B 8 5
19 C 8 2
19 D 8 3
19 A 9 2
19 B 9 3
19 C 9 5
19 D 9 4
19 A 10 3
19 B 10 2
19 C 10 5
19 D 10 4
19 A 11 4
19 B 11 3
19 C 11 2
19 D 11 5
19 A 12 3
19 B 12 5
19 C 12 4
19 D 12 2
19 A 13 4
19 B 13 2
19 C 13 5
19 D 13 3
19 A 14 2
19 B 14 5
19 C 14 4
19 D 14 3
19 A 15 3
19 B 15 4
19 C 15 5
19 D 15 2
19 A 16 3
19 B 16 4
19 C 16 2
19 D 16 5
19 A 17 2
19 B 17 5
19 C 17 4
19 D 17 3
19 A 18 3
19 B 18 2
19 C 18 4
19 D 18 5
19 A 19 5
19 B 19 3
19 C 19 4
19 D 19 2
19 A 20 2
19 B 20 5
19 C 20 1
19 D 20 4
19 A 21 5
19 B 21 4
19 C 21 3
19 D 21 2
19 A 22 4
19 B 22 5
19 C 22 3
19 D 22 2
19 A 23 5
19 B 23 3
19 C 23 4
19 D 23 2
19 A 24 5
19 B 24 2
19 C 24 4
19 D 24 3
19 A 25 2
19 B 25 3
19 C 25 4
19 D 25 5
19 A 26 5
19 B 26 2
19 C 26 3
19 D 26 4
19 A 27 2
19 B 27 4
19 C 27 3
19 D 27 5
19 A 28 3
19 B 28 5
19 C 28 2
19 D 28 4
19 A 29 2
19 B 29 4
19 C 29 3
19 D 29 5
19 A 30 5
19 B 30 3
19 C 30 2
19 D 30 4
19 A 31 3
19 B 31 2
19 C 31 4
19 D 31 5
19 A 32 5
19 B 32 4
19 C 32 3
19 D 32 2
19 A 33 4
19 B 33 2
19 C 33 5
19 D 33 3
19 A 34 3
19 B 34 5
19 C 34 2
19 D 34 4
19 A 35 4
19 B 35 2
19 C 35 3
19 D 35 5
19 A 36 5
19 B 36 4
19 C 36 3
19 D 36 2
19 A 37 2
19 B 37 3
19 C 37 5
19 D 37 4
19 A 38 3
19 B 38 4
19 C 38 5
19 D 38 2
19 A 39 3
19 B 39 2
19 C 39 4
19 D 39 5
19 A 40 3
19 B 40 2
19 C 40 5
19 D 40 4
19 A 41 4
19 B 41 5
19 C 41 2
19 D 41 3
19 A 42 2
19 B 42 3
19 C 42 4
19 D 42 5
19 A 43 4
19 B 43 2
19 C 43 5
19 D 43 3
19 A 44 3
19 B 44 2
19 C 44 4
19 D 44 5
19 A 45 3
19 B 45 5
19 C 45 4
19 D 45 2
19 A 46 4
19 B 46 5
19 C 46 3
19 D 46 2
19 A 47 4
19 B 47 2
19 C 47 3
19 D 47 5
19 A 48 3
19 B 48 2
19 C 48 5
19 D 48 4
19 A 49 4
19 B 49 5
19 C 49 2
19 D 49 3
19 A 50 2
19 B 50 4
19 C 50 3
19 D 50 5
20 A 1 2
20 B 1 5
20 C 1 3
20 D 1 4
20 A 2 5
20 B 2 4
20 C 2 3
20 D 2 2
20 A 3 2
20 B 3 4
20 C 3 3
20 D 3 5
20 A 4 5
20 B 4 2
20 C 4 4
20 D 4 3
20 A 5 4
20 B 5 3
20 C 5 5
20 D 5 2
20 A 6 3
20 B 6 5
20 C 6 2
20 D 6 4
20 A 7 4
20 B 7 5
20 C 7 2
20 D 7 3
20 A 8 2
20 B 8 5
20 C 8 3
20 D 8 4
20 A 9 2
20 B 9 5
20 C 9 3
20 D 9 4
20 A 10 5
20 B 10 3
20 C 10 4
20 D 10 2
20 A 11 4
20 B 11 3
20 C 11 2
20 D 11 5
20 A 12 5
20 B 12 2
20 C 12 4
20 D 12 3
20 A 13 3
20 B 13 2
20 C 13 4
20 D 13 5
20 A 14 5
20 B 14 2
20 C 14 3
20 D 14 4
20 A 15 2
20 B 15 5
20 C 15 3
20 D 15 4
20 A 16 3
20 B 16 5
20 C 16 4
20 D 16 2
20 A 17 2
20 B 17 4
20 C 17 5
20 D 17 3
20 A 18 5
20 B 18 3
20 C 18 4
20 D 18 2
20 A 19 4
20 B 19 5
20 C 19 2
20 D 19 3
20 A 20 2
20 B 20 5
20 C 20 3
20 D 20 4
20 A 21 4
20 B 21 2
20 C 21 1
20 D 21 3
20 A 22 2
20 B 22 4
20 C 22 5
20 D 22 3
20 A 23 5
20 B 23 3
20 C 23 4
20 D 23 2
20 A 24 4
20 B 24 3
20 C 24 2
20 D 24 5
20 A 25 4
20 B 25 3
20 C 25 5
20 D 25 2
20 A 26 2
20 B 26 5
20 C 26 4
20 D 26 3
20 A 27 4
20 B 27 5
20 C 27 3
20 D 27 2
20 A 28 5
20 B 28 3
20 C 28 2
20 D 28 4
20 A 29 4
20 B 29 3
20 C 29 2
20 D 29 5
20 A 30 3
20 B 30 4
20 C 30 5
20 D 30 2
20 A 31 5
20 B 31 4
20 C 31 3
20 D 31 2
20 A 32 4
20 B 32 3
20 C 32 2
20 D 32 5
20 A 33 2
20 B 33 5
20 C 33 4
20 D 33 3
20 A 34 3
20 B 34 5
20 C 34 4
20 D 34 2
20 A 35 3
20 B 35 2
20 C 35 4
20 D 35 5
20 A 36 3
20 B 36 2
20 C 36 5
20 D 36 4
20 A 37 5
20 B 37 4
20 C 37 2
20 D 37 3
20 A 38 4
20 B 38 3
20 C 38 2
20 D 38 5
20 A 39 3
20 B 39 2
20 C 39 4
20 D 39 5
20 A 40 5
20 B 40 2
20 C 40 4
20 D 40 3
20 A 41 4
20 B 41 5
20 C 41 3
20 D 41 2
20 A 42 2
20 B 42 4
20 C 42 3
20 D 42 5
20 A 43 5
20 B 43 2
20 C 43 4
20 D 43 3
20 A 44 4
20 B 44 5
20 C 44 3
20 D 44 2
20 A 45 4
20 B 45 5
20 C 45 3
20 D 45 2
20 A 46 2
20 B 46 5
20 C 46 4
20 D 46 3
20 A 47 4
20 B 47 3
20 C 47 2
20 D 47 5
20 A 48 5
20 B 48 4
20 C 48 3
20 D 48 2
20 A 49 3
20 B 49 4
20 C 49 5
20 D 49 2
20 A 50 2
20 B 50 3
20 C 50 5
20 D 50 4
21 A 1 5
21 B 1 4
21 C 1 3
21 D 1 2
21 A 2 2
21 B 2 3
21 C 2 4
21 D 2 5
21 A 3 3
21 B 3 2
21 C 3 4
21 D 3 5
21 A 4 3
21 B 4 5
21 C 4 2
21 D 4 4
21 A 5 5
21 B 5 4
21 C 5 2
21 D 5 3
21 A 6 4
21 B 6 5
21 C 6 2
21 D 6 3
21 A 7 3
21 B 7 5
21 C 7 2
21 D 7 4
21 A 8 5
21 B 8 2
21 C 8 4
21 D 8 3
21 A 9 5
21 B 9 4
21 C 9 2
21 D 9 3
21 A 10 3
21 B 10 4
21 C 10 2
21 D 10 5
21 A 11 5
21 B 11 3
21 C 11 4
21 D 11 2
21 A 12 4
21 B 12 2
21 C 12 5
21 D 12 3
21 A 13 2
21 B 13 5
21 C 13 3
21 D 13 4
21 A 14 3
21 B 14 2
21 C 14 4
21 D 14 5
21 A 15 4
21 B 15 2
21 C 15 3
21 D 15 5
21 A 16 4
21 B 16 2
21 C 16 3
21 D 16 5
21 A 17 3
21 B 17 4
21 C 17 5
21 D 17 2
21 A 18 3
21 B 18 2
21 C 18 4
21 D 18 5
21 A 19 3
21 B 19 2
21 C 19 4
21 D 19 5
21 A 20 5
21 B 20 4
21 C 20 3
21 D 20 2
21 A 21 3
21 B 21 2
21 C 21 5
21 D 21 4
21 A 22 5
21 B 22 3
21 C 22 1
21 D 22 4
21 A 23 2
21 B 23 5
21 C 23 4
21 D 23 3
21 A 24 5
21 B 24 3
21 C 24 2
21 D 24 4
21 A 25 5
21 B 25 2
21 C 25 4
21 D 25 3
21 A 26 2
21 B 26 4
21 C 26 3
21 D 26 5
21 A 27 3
21 B 27 2
21 C 27 4
21 D 27 5
21 A 28 5
21 B 28 4
21 C 28 2
21 D 28 3
21 A 29 2
21 B 29 5
21 C 29 4
21 D 29 3
21 A 30 5
21 B 30 3
21 C 30 4
21 D 30 2
21 A 31 4
21 B 31 2
21 C 31 3
21 D 31 5
21 A 32 3
21 B 32 5
21 C 32 4
21 D 32 2
21 A 33 3
21 B 33 5
21 C 33 2
21 D 33 4
21 A 34 3
21 B 34 4
21 C 34 2
21 D 34 5
21 A 35 4
21 B 35 3
21 C 35 5
21 D 35 2
21 A 36 3
21 B 36 2
21 C 36 4
21 D 36 5
21 A 37 5
21 B 37 2
21 C 37 4
21 D 37 3
21 A 38 5
21 B 38 2
21 C 38 3
21 D 38 4
21 A 39 5
21 B 39 3
21 C 39 4
21 D 39 2
21 A 40 2
21 B 40 5
21 C 40 4
21 D 40 3
21 A 41 5
21 B 41 3
21 C 41 2
21 D 41 4
21 A 42 4
21 B 42 5
21 C 42 2
21 D 42 3
21 A 43 2
21 B 43 4
21 C 43 3
21 D 43 5
21 A 44 2
21 B 44 5
21 C 44 4
21 D 44 3
21 A 45 4
21 B 45 5
21 C 45 2
21 D 45 3
21 A 46 3
21 B 46 2
21 C 46 4
21 D 46 5
21 A 47 3
21 B 47 2
21 C 47 4
21 D 47 5
21 A 48 4
21 B 48 5
21 C 48 3
21 D 48 2
21 A 49 2
21 B 49 5
21 C 49 3
21 D 49 4
21 A 50 5
21 B 50 3
21 C 50 2
21 D 50 4
22 A 1 3
22 B 1 5
22 C 1 4
22 D 1 2
22 A 2 5
22 B 2 4
22 C 2 3
22 D 2 2
22 A 3 5
22 B 3 3
22 C 3 2
22 D 3 4
22 A 4 4
22 B 4 3
22 C 4 2
22 D 4 5
22 A 5 2
22 B 5 3
22 C 5 5
22 D 5 4
22 A 6 2
22 B 6 3
22 C 6 4
22 D 6 5
22 A 7 5
22 B 7 3
22 C 7 4
22 D 7 2
22 A 8 2
22 B 8 3
22 C 8 4
22 D 8 5
22 A 9 3
22 B 9 2
22 C 9 4
22 D 9 5
22 A 10 2
22 B 10 5
22 C 10 4
22 D 10 3
22 A 11 4
22 B 11 5
22 C 11 2
22 D 11 3
22 A 12 5
22 B 12 2
22 C 12 4
22 D 12 3
22 A 13 3
22 B 13 2
22 C 13 4
22 D 13 5
22 A 14 2
22 B 14 4
22 C 14 3
22 D 14 5
22 A 15 5
22 B 15 3
22 C 15 4
22 D 15 2
22 A 16 4
22 B 16 2
22 C 16 3
22 D 16 5
22 A 17 4
22 B 17 2
22 C 17 5
22 D 17 3
22 A 18 4
22 B 18 2
22 C 18 5
22 D 18 3
22 A 19 5
22 B 19 2
22 C 19 4
22 D 19 3
22 A 20 3
22 B 20 4
22 C 20 5
22 D 20 2
22 A 21 5
22 B 21 3
22 C 21 2
22 D 21 4
22 A 22 5
22 B 22 2
22 C 22 3
22 D 22 4
22 A 23 5
22 B 23 1
22 C 23 3
22 D 23 4
22 A 24 5
22 B 24 3
22 C 24 4
22 D 24 2
22 A 25 4
22 B 25 2
22 C 25 3
22 D 25 5
22 A 26 4
22 B 26 5
22 C 26 2
22 D 26 3
22 A 27 3
22 B 27 2
22 C 27 5
22 D 27 4
22 A 28 4
22 B 28 2
22 C 28 3
22 D 28 5
22 A 29 4
22 B 29 5
22 C 29 2
22 D 29 3
22 A 30 3
22 B 30 4
22 C 30 2
22 D 30 5
22 A 31 2
22 B 31 5
22 C 31 3
22 D 31 4
22 A 32 4
22 B 32 5
22 C 32 2
22 D 32 3
22 A 33 4
22 B 33 3
22 C 33 2
22 D 33 5
22 A 34 2
22 B 34 4
22 C 34 3
22 D 34 5
22 A 35 2
22 B 35 4
22 C 35 3
22 D 35 5
22 A 36 4
22 B 36 5
22 C 36 2
22 D 36 3
22 A 37 3
22 B 37 2
22 C 37 4
22 D 37 5
22 A 38 3
22 B 38 5
22 C 38 2
22 D 38 4
22 A 39 2
22 B 39 3
22 C 39 4
22 D 39 5
22 A 40 2
22 B 40 5
22 C 40 3
22 D 40 4
22 A 41 2
22 B 41 5
22 C 41 3
22 D 41 4
22 A 42 4
22 B 42 2
22 C 42 5
22 D 42 3
22 A 43 3
22 B 43 5
22 C 43 2
22 D 43 4
22 A 44 5
22 B 44 3
22 C 44 2
22 D 44 4
22 A 45 5
22 B 45 3
22 C 45 2
22 D 45 4
22 A 46 2
22 B 46 5
22 C 46 4
22 D 46 3
22 A 47 4
22 B 47 3
22 C 47 5
22 D 47 2
22 A 48 4
22 B 48 2
22 C 48 3
22 D 48 5
22 A 49 5
22 B 49 2
22 C 49 4
22 D 49 3
22 A 50 4
22 B 50 3
22 C 50 2
22 D 50 5
23 A 1 5
23 B 1 2
23 C 1 3
23 D 1 4
23 A 2 3
23 B 2 2
23 C 2 4
23 D 2 5
23 A 3 2
23 B 3 4
23 C 3 3
23 D 3 5
23 A 4 2
23 B 4 3
23 C 4 4
23 D 4 5
23 A 5 5
23 B 5 2
23 C 5 3
23 D 5 4
23 A 6 2
23 B 6 5
23 C 6 4
23 D 6 3
23 A 7 4
23 B 7 2
23 C 7 5
23 D 7 3
23 A 8 4
23 B 8 2
23 C 8 5
23 D 8 3
23 A 9 5
23 B 9 4
23 C 9 3
23 D 9 2
23 A 10 5
23 B 10 2
23 C 10 4
23 D 10 3
23 A 11 3
23 B 11 5
23 C 11 4
23 D 11 2
23 A 12 4
23 B 12 5
23 C 12 2
23 D 12 3
23 A 13 2
23 B 13 4
23 C 13 3
23 D 13 5
23 A 14 4
23 B 14 5
23 C 14 2
23 D 14 3
23 A 15 3
23 B 15 5
23 C 15 4
23 D 15 2
23 A 16 3
23 B 16 5
23 C 16 4
23 D 16 2
23 A 17 5
23 B 17 3
23 C 17 4
23 D 17 2
23 A 18 5
23 B 18 4
23 C 18 3
23 D 18 2
23 A 19 4
23 B 19 5
23 C 19 2
23 D 19 3
23 A 20 2
23 B 20 5
23 C 20 3
23 D 20 4
23 A 21 5
23 B 21 4
23 C 21 2
23 D 21 3
23 A 22 3
23 B 22 4
23 C 22 2
23 D 22 5
23 A 23 4
23 B 23 2
23 C 23 5
23 D 23 3
23 A 24 2
23 B 24 3
23 C 24 1
23 D 24 5
23 A 25 2
23 B 25 4
23 C 25 5
23 D 25 3
23 A 26 4
23 B 26 5
23 C 26 2
23 D 26 3
23 A 27 3
23 B 27 2
23 C 27 4
23 D 27 5
23 A 28 5
23 B 28 3
23 C 28 4
23 D 28 2
23 A 29 5
23 B 29 3
23 C 29 2
23 D 29 4
23 A 30 4
23 B 30 5
23 C 30 3
23 D 30 2
23 A 31 5
23 B 31 2
23 C 31 3
23 D 31 4
23 A 32 3
23 B 32 5
23 C 32 2
23 D 32 4
23 A 33 2
23 B 33 5
23 C 33 3
23 D 33 4
23 A 34 2
23 B 34 3
23 C 34 4
23 D 34 5
23 A 35 3
23 B 35 4
23 C 35 5
23 D 35 2
23 A 36 4
23 B 36 2
23 C 36 5
23 D 36 3
23 A 37 2
23 B 37 3
23 C 37 5
23 D 37 4
23 A 38 3
23 B 38 5
23 C 38 4
23 D 38 2
23 A 39 4
23 B 39 2
23 C 39 3
23 D 39 5
23 A 40 4
23 B 40 3
23 C 40 5
23 D 40 2
23 A 41 3
23 B 41 4
23 C 41 5
23 D 41 2
23 A 42 2
23 B 42 3
23 C 42 5
23 D 42 4
23 A 43 3
23 B 43 2
23 C 43 4
23 D 43 5
23 A 44 3
23 B 44 5
23 C 44 2
23 D 44 4
23 A 45 3
23 B 45 2
23 C 45 5
23 D 45 4
23 A 46 2
23 B 46 3
23 C 46 4
23 D 46 5
23 A 47 2
23 B 47 4
23 C 47 5
23 D 47 3
23 A 48 4
23 B 48 5
23 C 48 3
23 D 48 2
23 A 49 3
23 B 49 2
23 C 49 5
23 D 49 4
23 A 50 4
23 B 50 3
23 C 50 2
23 D 50 5
24 A 1 5
24 B 1 2
24 C 1 3
24 D 1 4
24 A 2 3
24 B 2 4
24 C 2 2
24 D 2 5
24 A 3 4
24 B 3 2
24 C 3 5
24 D 3 3
24 A 4 3
24 B 4 4
24 C 4 2
24 D 4 5
24 A 5 4
24 B 5 3
24 C 5 5
24 D 5 2
24 A 6 4
24 B 6 5
24 C 6 2
24 D 6 3
24 A 7 4
24 B 7 3
24 C 7 2
24 D 7 5
24 A 8 5
24 B 8 4
24 C 8 3
24 D 8 2
24 A 9 2
24 B 9 3
24 C 9 4
24 D 9 5
24 A 10 2
24 B 10 5
24 C 10 4
24 D 10 3
24 A 11 3
24 B 11 2
24 C 11 4
24 D 11 5
24 A 12 2
24 B 12 4
24 C 12 5
24 D 12 3
24 A 13 4
24 B 13 5
24 C 13 2
24 D 13 3
24 A 14 2
24 B 14 5
24 C 14 4
24 D 14 3
24 A 15 5
24 B 15 3
24 C 15 2
24 D 15 4
24 A 16 4
24 B 16 5
24 C 16 2
24 D 16 3
24 A 17 5
24 B 17 2
24 C 17 4
24 D 17 3
24 A 18 2
24 B 18 4
24 C 18 5
24 D 18 3
24 A 19 3
24 B 19 4
24 C 19 2
24 D 19 5
24 A 20 4
24 B 20 3
24 C 20 5
24 D 20 2
24 A 21 2
24 B 21 5
24 C 21 3
24 D 21 4
24 A 22 4
24 B 22 5
24 C 22 2
24 D 22 3
24 A 23 4
24 B 23 5
24 C 23 2
24 D 23 3
24 A 24 2
24 B 24 4
24 C 24 3
24 D 24 5
24 A 25 1
24 B 25 3
24 C 25 2
24 D 25 5
24 A 26 5
24 B 26 3
24 C 26 4
24 D 26 2
24 A 27 4
24 B 27 5
24 C 27 2
24 D 27 3
24 A 28 2
24 B 28 5
24 C 28 4
24 D 28 3
24 A 29 2
24 B 29 4
24 C 29 5
24 D 29 3
24 A 30 4
24 B 30 3
24 C 30 2
24 D 30 5
24 A 31 3
24 B 31 4
24 C 31 2
24 D 31 5
24 A 32 2
24 B 32 5
24 C 32 3
24 D 32 4
24 A 33 5
24 B 33 4
24 C 33 2
24 D 33 3
24 A 34 3
24 B 34 4
24 C 34 2
24 D 34 5
24 A 35 4
24 B 35 5
24 C 35 3
24 D 35 2
24 A 36 5
24 B 36 2
24 C 36 4
24 D 36 3
24 A 37 5
24 B 37 3
24 C 37 4
24 D 37 2
24 A 38 3
24 B 38 4
24 C 38 2
24 D 38 5
24 A 39 5
24 B 39 3
24 C 39 2
24 D 39 4
24 A 40 3
24 B 40 4
24 C 40 5
24 D 40 2
24 A 41 5
24 B 41 3
24 C 41 4
24 D 41 2
24 A 42 3
24 B 42 5
24 C 42 4
24 D 42 2
24 A 43 2
24 B 43 3
24 C 43 4
24 D 43 5
24 A 44 4
24 B 44 5
24 C 44 2
24 D 44 3
24 A 45 4
24 B 45 2
24 C 45 3
24 D 45 5
24 A 46 4
24 B 46 5
24 C 46 2
24 D 46 3
24 A 47 4
24 B 47 5
24 C 47 2
24 D 47 3
24 A 48 2
24 B 48 5
24 C 48 4
24 D 48 3
24 A 49 5
24 B 49 3
24 C 49 4
24 D 49 2
24 A 50 2
24 B 50 4
24 C 50 3
24 D 50 5
25 A 1 2
25 B 1 5
25 C 1 4
25 D 1 3
25 A 2 2
25 B 2 3
25 C 2 5
25 D 2 4
25 A 3 2
25 B 3 4
25 C 3 3
25 D 3 5
25 A 4 3
25 B 4 2
25 C 4 5
25 D 4 4
25 A 5 2
25 B 5 5
25 C 5 3
25 D 5 4
25 A 6 4
25 B 6 3
25 C 6 5
25 D 6 2
25 A 7 4
25 B 7 5
25 C 7 2
25 D 7 3
25 A 8 4
25 B 8 2
25 C 8 5
25 D 8 3
25 A 9 4
25 B 9 3
25 C 9 5
25 D 9 2
25 A 10 4
25 B 10 2
25 C 10 5
25 D 10 3
25 A 11 5
25 B 11 3
25 C 11 2
25 D 11 4
25 A 12 2
25 B 12 3
25 C 12 4
25 D 12 5
25 A 13 3
25 B 13 4
25 C 13 5
25 D 13 2
25 A 14 4
25 B 14 2
25 C 14 3
25 D 14 5
25 A 15 4
25 B 15 2
25 C 15 3
25 D 15 5
25 A 16 3
25 B 16 4
25 C 16 5
25 D 16 2
25 A 17 5
25 B 17 4
25 C 17 3
25 D 17 2
25 A 18 2
25 B 18 4
25 C 18 3
25 D 18 5
25 A 19 5
25 B 19 2
25 C 19 4
25 D 19 3
25 A 20 4
25 B 20 2
25 C 20 3
25 D 20 5
25 A 21 4
25 B 21 5
25 C 21 3
25 D 21 2
25 A 22 5
25 B 22 4
25 C 22 2
25 D 22 3
25 A 23 5
25 B 23 3
25 C 23 4
25 D 23 2
25 A 24 4
25 B 24 2
25 C 24 3
25 D 24 5
25 A 25 4
25 B 25 3
25 C 25 5
25 D 25 2
25 A 26 3
25 B 26 1
25 C 26 5
25 D 26 2
25 A 27 4
25 B 27 3
25 C 27 5
25 D 27 2
25 A 28 5
25 B 28 4
25 C 28 3
25 D 28 2
25 A 29 2
25 B 29 3
25 C 29 5
25 D 29 4
25 A 30 2
25 B 30 4
25 C 30 5
25 D 30 3
25 A 31 2
25 B 31 3
25 C 31 5
25 D 31 4
25 A 32 4
25 B 32 2
25 C 32 5
25 D 32 3
25 A 33 4
25 B 33 5
25 C 33 2
25 D 33 3
25 A 34 4
25 B 34 3
25 C 34 5
25 D 34 2
25 A 35 3
25 B 35 5
25 C 35 2
25 D 35 4
25 A 36 5
25 B 36 2
25 C 36 3
25 D 36 4
25 A 37 3
25 B 37 5
25 C 37 2
25 D 37 4
25 A 38 3
25 B 38 2
25 C 38 5
25 D 38 4
25 A 39 4
25 B 39 5
25 C 39 3
25 D 39 2
25 A 40 2
25 B 40 4
25 C 40 3
25 D 40 5
25 A 41 4
25 B 41 5
25 C 41 2
25 D 41 3
25 A 42 2
25 B 42 5
25 C 42 4
25 D 42 3
25 A 43 3
25 B 43 5
25 C 43 2
25 D 43 4
25 A 44 5
25 B 44 2
25 C 44 3
25 D 44 4
25 A 45 5
25 B 45 3
25 C 45 4
25 D 45 2
25 A 46 4
25 B 46 5
25 C 46 3
25 D 46 2
25 A 47 2
25 B 47 5
25 C 47 4
25 D 47 3
25 A 48 3
25 B 48 4
25 C 48 5
25 D 48 2
25 A 49 4
25 B 49 3
25 C 49 5
25 D 49 2
25 A 50 2
25 B 50 3
25 C 50 4
25 D 50 5
26 A 1 4
26 B 1 2
26 C 1 5
26 D 1 3
26 A 2 4
26 B 2 2
26 C 2 5
26 D 2 3
26 A 3 5
26 B 3 4
26 C 3 2
26 D 3 3
26 A 4 4
26 B 4 3
26 C 4 5
26 D 4 2
26 A 5 2
26 B 5 4
26 C 5 5
26 D 5 3
26 A 6 3
26 B 6 5
26 C 6 4
26 D 6 2
26 A 7 4
26 B 7 2
26 C 7 5
26 D 7 3
26 A 8 5
26 B 8 3
26 C 8 2
26 D 8 4
26 A 9 5
26 B 9 2
26 C 9 3
26 D 9 4
26 A 10 5
26 B 10 2
26 C 10 4
26 D 10 3
26 A 11 5
26 B 11 2
26 C 11 4
26 D 11 3
26 A 12 3
26 B 12 5
26 C 12 2
26 D 12 4
26 A 13 3
26 B 13 5
26 C 13 4
26 D 13 2
26 A 14 4
26 B 14 2
26 C 14 5
26 D 14 3
26 A 15 4
26 B 15 2
26 C 15 3
26 D 15 5
26 A 16 3
26 B 16 4
26 C 16 2
26 D 16 5
26 A 17 3
26 B 17 5
26 C 17 2
26 D 17 4
26 A 18 4
26 B 18 2
26 C 18 5
26 D 18 3
26 A 19 2
26 B 19 5
26 C 19 4
26 D 19 3
26 A 20 5
26 B 20 4
26 C 20 3
26 D 20 2
26 A 21 3
26 B 21 5
26 C 21 2
26 D 21 4
26 A 22 5
26 B 22 3
26 C 22 4
26 D 22 2
26 A 23 4
26 B 23 2
26 C 23 3
26 D 23 5
26 A 24 2
26 B 24 3
26 C 24 4
26 D 24 5
26 A 25 4
26 B 25 3
26 C 25 2
26 D 25 5
26 A 26 3
26 B 26 2
26 C 26 5
26 D 26 4
26 A 27 5
26 B 27 2
26 C 27 4
26 D 27 1
26 A 28 5
26 B 28 4
26 C 28 3
26 D 28 2
26 A 29 2
26 B 29 4
26 C 29 5
26 D 29 3
26 A 30 2
26 B 30 4
26 C 30 3
26 D 30 5
26 A 31 3
26 B 31 4
26 C 31 2
26 D 31 5
26 A 32 3
26 B 32 4
26 C 32 5
26 D 32 2
26 A 33 5
26 B 33 4
26 C 33 3
26 D 33 2
26 A 34 5
26 B 34 4
26 C 34 3
26 D 34 2
26 A 35 5
26 B 35 4
26 C 35 3
26 D 35 2
26 A 36 2
26 B 36 5
26 C 36 4
26 D 36 3
26 A 37 3
26 B 37 4
26 C 37 5
26 D 37 2
26 A 38 2
26 B 38 5
26 C 38 3
26 D 38 4
26 A 39 2
26 B 39 3
26 C 39 5
26 D 39 4
26 A 40 5
26 B 40 3
26 C 40 4
26 D 40 2
26 A 41 5
26 B 41 2
26 C 41 3
26 D 41 4
26 A 42 5
26 B 42 2
26 C 42 4
26 D 42 3
26 A 43 4
26 B 43 5
26 C 43 3
26 D 43 2
26 A 44 3
26 B 44 2
26 C 44 4
26 D 44 5
26 A 45 4
26 B 45 5
26 C 45 3
26 D 45 2
26 A 46 5
26 B 46 3
26 C 46 2
26 D 46 4
26 A 47 2
26 B 47 4
26 C 47 3
26 D 47 5
26 A 48 4
26 B 48 5
26 C 48 2
26 D 48 3
26 A 49 4
26 B 49 3
26 C 49 2
26 D 49 5
26 A 50 2
26 B 50 3
26 C 50 5
26 D 50 4
27 A 1 5
27 B 1 2
27 C 1 4
27 D 1 3
27 A 2 3
27 B 2 4
27 C 2 5
27 D 2 2
27 A 3 5
27 B 3 4
27 C 3 2
27 D 3 3
27 A 4 4
27 B 4 3
27 C 4 2
27 D 4 5
27 A 5 5
27 B 5 2
27 C 5 4
27 D 5 3
27 A 6 5
27 B 6 4
27 C 6 3
27 D 6 2
27 A 7 5
27 B 7 4
27 C 7 3
27 D 7 2
27 A 8 4
27 B 8 2
27 C 8 3
27 D 8 5
27 A 9 5
27 B 9 2
27 C 9 4
27 D 9 3
27 A 10 4
27 B 10 3
27 C 10 2
27 D 10 5
27 A 11 4
27 B 11 3
27 C 11 2
27 D 11 5
27 A 12 4
27 B 12 2
27 C 12 3
27 D 12 5
27 A 13 4
27 B 13 3
27 C 13 2
27 D 13 5
27 A 14 3
27 B 14 5
27 C 14 4
27 D 14 2
27 A 15 4
27 B 15 5
27 C 15 3
27 D 15 2
27 A 16 3
27 B 16 2
27 C 16 4
27 D 16 5
27 A 17 2
27 B 17 3
27 C 17 4
27 D 17 5
27 A 18 4
27 B 18 3
27 C 18 5
27 D 18 2
27 A 19 5
27 B 19 3
27 C 19 4
27 D 19 2
27 A 20 5
27 B 20 2
27 C 20 4
27 D 20 3
27 A 21 5
27 B 21 2
27 C 21 3
27 D 21 4
27 A 22 5
27 B 22 3
27 C 22 2
27 D 22 4
27 A 23 4
27 B 23 3
27 C 23 2
27 D 23 5
27 A 24 2
27 B 24 3
27 C 24 4
27 D 24 5
27 A 25 4
27 B 25 3
27 C 25 5
27 D 25 2
27 A 26 3
27 B 26 5
27 C 26 4
27 D 26 2
27 A 27 2
27 B 27 4
27 C 27 5
27 D 27 3
27 A 28 1
27 B 28 4
27 C 28 2
27 D 28 5
27 A 29 2
27 B 29 5
27 C 29 4
27 D 29 3
27 A 30 4
27 B 30 5
27 C 30 2
27 D 30 3
27 A 31 3
27 B 31 2
27 C 31 4
27 D 31 5
27 A 32 2
27 B 32 4
27 C 32 5
27 D 32 3
27 A 33 4
27 B 33 5
27 C 33 3
27 D 33 2
27 A 34 4
27 B 34 2
27 C 34 5
27 D 34 3
27 A 35 3
27 B 35 2
27 C 35 4
27 D 35 5
27 A 36 3
27 B 36 5
27 C 36 4
27 D 36 2
27 A 37 3
27 B 37 5
27 C 37 2
27 D 37 4
27 A 38 5
27 B 38 3
27 C 38 4
27 D 38 2
27 A 39 3
27 B 39 5
27 C 39 4
27 D 39 2
27 A 40 4
27 B 40 2
27 C 40 3
27 D 40 5
27 A 41 2
27 B 41 3
27 C 41 4
27 D 41 5
27 A 42 5
27 B 42 3
27 C 42 2
27 D 42 4
27 A 43 5
27 B 43 2
27 C 43 3
27 D 43 4
27 A 44 5
27 B 44 3
27 C 44 4
27 D 44 2
27 A 45 2
27 B 45 5
27 C 45 4
27 D 45 3
27 A 46 3
27 B 46 4
27 C 46 5
27 D 46 2
27 A 47 2
27 B 47 4
27 C 47 5
27 D 47 3
27 A 48 2
27 B 48 5
27 C 48 3
27 D 48 4
27 A 49 5
27 B 49 4
27 C 49 3
27 D 49 2
27 A 50 5
27 B 50 2
27 C 50 3
27 D 50 4
28 A 1 4
28 B 1 3
28 C 1 5
28 D 1 2
28 A 2 5
28 B 2 4
28 C 2 2
28 D 2 3
28 A 3 3
28 B 3 5
28 C 3 2
28 D 3 4
28 A 4 2
28 B 4 3
28 C 4 4
28 D 4 5
28 A 5 2
28 B 5 3
28 C 5 4
28 D 5 5
28 A 6 3
28 B 6 5
28 C 6 2
28 D 6 4
28 A 7 3
28 B 7 5
28 C 7 2
28 D 7 4
28 A 8 2
28 B 8 5
28 C 8 4
28 D 8 3
28 A 9 4
28 B 9 2
28 C 9 3
28 D 9 5
28 A 10 5
28 B 10 2
28 C 10 4
28 D 10 3
28 A 11 5
28 B 11 3
28 C 11 2
28 D 11 4
28 A 12 4
28 B 12 3
28 C 12 2
28 D 12 5
28 A 13 5
28 B 13 2
28 C 13 3
28 D 13 4
28 A 14 2
28 B 14 4
28 C 14 5
28 D 14 3
28 A 15 4
28 B 15 2
28 C 15 5
28 D 15 3
28 A 16 5
28 B 16 3
28 C 16 2
28 D 16 4
28 A 17 5
28 B 17 2
28 C 17 4
28 D 17 3
28 A 18 5
28 B 18 4
28 C 18 2
28 D 18 3
28 A 19 4
28 B 19 2
28 C 19 5
28 D 19 3
28 A 20 3
28 B 20 2
28 C 20 4
28 D 20 5
28 A 21 4
28 B 21 2
28 C 21 3
28 D 21 5
28 A 22 4
28 B 22 2
28 C 22 3
28 D 22 5
28 A 23 4
28 B 23 3
28 C 23 2
28 D 23 5
28 A 24 2
28 B 24 4
28 C 24 5
28 D 24 3
28 A 25 2
28 B 25 5
28 C 25 4
28 D 25 3
28 A 26 3
28 B 26 4
28 C 26 2
28 D 26 5
28 A 27 5
28 B 27 3
28 C 27 2
28 D 27 4
28 A 28 5
28 B 28 4
28 C 28 2
28 D 28 3
28 A 29 3
28 B 29 4
28 C 29 1
28 D 29 5
28 A 30 3
28 B 30 5
28 C 30 4
28 D 30 2
28 A 31 4
28 B 31 2
28 C 31 5
28 D 31 3
28 A 32 5
28 B 32 3
28 C 32 4
28 D 32 2
28 A 33 2
28 B 33 4
28 C 33 3
28 D 33 5
28 A 34 5
28 B 34 2
28 C 34 3
28 D 34 4
28 A 35 3
28 B 35 4
28 C 35 2
28 D 35 5
28 A 36 2
28 B 36 4
28 C 36 5
28 D 36 3
28 A 37 4
28 B 37 3
28 C 37 2
28 D 37 5
28 A 38 2
28 B 38 5
28 C 38 3
28 D 38 4
28 A 39 3
28 B 39 5
28 C 39 4
28 D 39 2
28 A 40 5
28 B 40 3
28 C 40 2
28 D 40 4
28 A 41 3
28 B 41 4
28 C 41 5
28 D 41 2
28 A 42 3
28 B 42 2
28 C 42 5
28 D 42 4
28 A 43 4
28 B 43 5
28 C 43 2
28 D 43 3
28 A 44 5
28 B 44 3
28 C 44 4
28 D 44 2
28 A 45 2
28 B 45 4
28 C 45 3
28 D 45 5
28 A 46 4
28 B 46 2
28 C 46 3
28 D 46 5
28 A 47 5
28 B 47 2
28 C 47 4
28 D 47 3
28 A 48 4
28 B 48 5
28 C 48 2
28 D 48 3
28 A 49 4
28 B 49 3
28 C 49 5
28 D 49 2
28 A 50 2
28 B 50 4
28 C 50 3
28 D 50 5
29 A 1 3
29 B 1 2
29 C 1 4
29 D 1 5
29 A 2 2
29 B 2 4
29 C 2 3
29 D 2 5
29 A 3 4
29 B 3 2
29 C 3 3
29 D 3 5
29 A 4 3
29 B 4 2
29 C 4 5
29 D 4 4
29 A 5 4
29 B 5 2
29 C 5 3
29 D 5 5
29 A 6 5
29 B 6 3
29 C 6 2
29 D 6 4
29 A 7 3
29 B 7 4
29 C 7 5
29 D 7 2
29 A 8 5
29 B 8 2
29 C 8 3
29 D 8 4
29 A 9 2
29 B 9 4
29 C 9 3
29 D 9 5
29 A 10 2
29 B 10 5
29 C 10 3
29 D 10 4
29 A 11 5
29 B 11 3
29 C 11 2
29 D 11 4
29 A 12 2
29 B 12 3
29 C 12 5
29 D 12 4
29 A 13 4
29 B 13 3
29 C 13 2
29 D 13 5
29 A 14 3
29 B 14 2
29 C 14 4
29 D 14 5
29 A 15 2
29 B 15 4
29 C 15 5
29 D 15 3
29 A 16 3
29 B 16 2
29 C 16 5
29 D 16 4
29 A 17 4
29 B 17 5
29 C 17 3
29 D 17 2
29 A 18 3
29 B 18 4
29 C 18 2
29 D 18 5
29 A 19 2
29 B 19 4
29 C 19 3
29 D 19 5
29 A 20 4
29 B 20 2
29 C 20 3
29 D 20 5
29 A 21 5
29 B 21 4
29 C 21 2
29 D 21 3
29 A 22 5
29 B 22 3
29 C 22 2
29 D 22 4
29 A 23 3
29 B 23 4
29 C 23 2
29 D 23 5
29 A 24 2
29 B 24 3
29 C 24 5
29 D 24 4
29 A 25 4
29 B 25 5
29 C 25 3
29 D 25 2
29 A 26 4
29 B 26 2
29 C 26 3
29 D 26 5
29 A 27 5
29 B 27 4
29 C 27 3
29 D 27 2
29 A 28 3
29 B 28 2
29 C 28 4
29 D 28 5
29 A 29 2
29 B 29 3
29 C 29 4
29 D 29 5
29 A 30 2
29 B 30 1
29 C 30 5
29 D 30 4
29 A 31 2
29 B 31 4
29 C 31 5
29 D 31 3
29 A 32 5
29 B 32 4
29 C 32 3
29 D 32 2
29 A 33 4
29 B 33 5
29 C 33 3
29 D 33 2
29 A 34 5
29 B 34 3
29 C 34 2
29 D 34 4
29 A 35 3
29 B 35 5
29 C 35 2
29 D 35 4
29 A 36 4
29 B 36 2
29 C 36 3
29 D 36 5
29 A 37 2
29 B 37 4
29 C 37 3
29 D 37 5
29 A 38 2
29 B 38 5
29 C 38 4
29 D 38 3
29 A 39 4
29 B 39 3
29 C 39 2
29 D 39 5
29 A 40 4
29 B 40 2
29 C 40 5
29 D 40 3
29 A 41 4
29 B 41 2
29 C 41 5
29 D 41 3
29 A 42 2
29 B 42 4
29 C 42 5
29 D 42 3
29 A 43 2
29 B 43 5
29 C 43 4
29 D 43 3
29 A 44 4
29 B 44 3
29 C 44 2
29 D 44 5
29 A 45 3
29 B 45 5
29 C 45 4
29 D 45 2
29 A 46 4
29 B 46 5
29 C 46 2
29 D 46 3
29 A 47 4
29 B 47 5
29 C 47 2
29 D 47 3
29 A 48 2
29 B 48 5
29 C 48 3
29 D 48 4
29 A 49 2
29 B 49 3
29 C 49 4
29 D 49 5
29 A 50 2
29 B 50 5
29 C 50 3
29 D 50 4
30 A 1 3
30 B 1 4
30 C 1 2
30 D 1 5
30 A 2 3
30 B 2 4
30 C 2 2
30 D 2 5
30 A 3 4
30 B 3 2
30 C 3 5
30 D 3 3
30 A 4 3
30 B 4 2
30 C 4 5
30 D 4 4
30 A 5 3
30 B 5 2
30 C 5 4
30 D 5 5
30 A 6 5
30 B 6 4
30 C 6 2
30 D 6 3
30 A 7 2
30 B 7 5
30 C 7 4
30 D 7 3
30 A 8 3
30 B 8 5
30 C 8 4
30 D 8 2
30 A 9 3
30 B 9 4
30 C 9 5
30 D 9 2
30 A 10 5
30 B 10 4
30 C 10 2
30 D 10 3
30 A 11 4
30 B 11 3
30 C 11 2
30 D 11 5
30 A 12 3
30 B 12 5
30 C 12 2
30 D 12 4
30 A 13 4
30 B 13 2
30 C 13 3
30 D 13 5
30 A 14 4
30 B 14 2
30 C 14 5
30 D 14 3
30 A 15 3
30 B 15 4
30 C 15 5
30 D 15 2
30 A 16 4
30 B 16 2
30 C 16 3
30 D 16 5
30 A 17 3
30 B 17 5
30 C 17 4
30 D 17 2
30 A 18 5
30 B 18 4
30 C 18 2
30 D 18 3
30 A 19 4
30 B 19 3
30 C 19 5
30 D 19 2
30 A 20 5
30 B 20 4
30 C 20 2
30 D 20 3
30 A 21 4
30 B 21 2
30 C 21 5
30 D 21 3
30 A 22 4
30 B 22 5
30 C 22 2
30 D 22 3
30 A 23 2
30 B 23 5
30 C 23 3
30 D 23 4
30 A 24 4
30 B 24 5
30 C 24 3
30 D 24 2
30 A 25 2
30 B 25 5
30 C 25 3
30 D 25 4
30 A 26 2
30 B 26 5
30 C 26 4
30 D 26 3
30 A 27 2
30 B 27 4
30 C 27 3
30 D 27 5
30 A 28 5
30 B 28 4
30 C 28 3
30 D 28 2
30 A 29 5
30 B 29 3
30 C 29 4
30 D 29 2
30 A 30 2
30 B 30 4
30 C 30 5
30 D 30 3
30 A 31 3
30 B 31 1
30 C 31 2
30 D 31 4
30 A 32 4
30 B 32 2
30 C 32 5
30 D 32 3
30 A 33 3
30 B 33 5
30 C 33 4
30 D 33 2
30 A 34 2
30 B 34 3
30 C 34 4
30 D 34 5
30 A 35 3
30 B 35 5
30 C 35 4
30 D 35 2
30 A 36 4
30 B 36 2
30 C 36 5
30 D 36 3
30 A 37 5
30 B 37 2
30 C 37 3
30 D 37 4
30 A 38 4
30 B 38 5
30 C 38 2
30 D 38 3
30 A 39 5
30 B 39 4
30 C 39 3
30 D 39 2
30 A 40 5
30 B 40 4
30 C 40 3
30 D 40 2
30 A 41 3
30 B 41 2
30 C 41 5
30 D 41 4
30 A 42 3
30 B 42 5
30 C 42 2
30 D 42 4
30 A 43 2
30 B 43 3
30 C 43 5
30 D 43 4
30 A 44 5
30 B 44 2
30 C 44 3
30 D 44 4
30 A 45 3
30 B 45 5
30 C 45 4
30 D 45 2
30 A 46 4
30 B 46 2
30 C 46 3
30 D 46 5
30 A 47 3
30 B 47 4
30 C 47 5
30 D 47 2
30 A 48 4
30 B 48 3
30 C 48 5
30 D 48 2
30 A 49 4
30 B 49 5
30 C 49 2
30 D 49 3
30 A 50 3
30 B 50 5
30 C 50 4
30 D 50 2
31 A 1 4
31 B 1 5
31 C 1 3
31 D 1 2
31 A 2 5
31 B 2 4
31 C 2 2
31 D 2 3
31 A 3 4
31 B 3 5
31 C 3 2
31 D 3 3
31 A 4 5
31 B 4 3
31 C 4 4
31 D 4 2
31 A 5 4
31 B 5 2
31 C 5 3
31 D 5 5
31 A 6 3
31 B 6 5
31 C 6 2
31 D 6 4
31 A 7 5
31 B 7 3
31 C 7 2
31 D 7 4
31 A 8 2
31 B 8 4
31 C 8 3
31 D 8 5
31 A 9 2
31 B 9 3
31 C 9 4
31 D 9 5
31 A 10 3
31 B 10 2
31 C 10 4
31 D 10 5
31 A 11 3
31 B 11 2
31 C 11 5
31 D 11 4
31 A 12 2
31 B 12 4
31 C 12 3
31 D 12 5
31 A 13 2
31 B 13 5
31 C 13 3
31 D 13 4
31 A 14 4
31 B 14 3
31 C 14 2
31 D 14 5
31 A 15 3
31 B 15 4
31 C 15 2
31 D 15 5
31 A 16 5
31 B 16 4
31 C 16 2
31 D 16 3
31 A 17 2
31 B 17 5
31 C 17 3
31 D 17 4
31 A 18 4
31 B 18 5
31 C 18 2
31 D 18 3
31 A 19 2
31 B 19 5
31 C 19 4
31 D 19 3
31 A 20 5
31 B 20 2
31 C 20 4
31 D 20 3
31 A 21 4
31 B 21 5
31 C 21 2
31 D 21 3
31 A 22 4
31 B 22 2
31 C 22 3
31 D 22 5
31 A 23 3
31 B 23 4
31 C 23 5
31 D 23 2
31 A 24 5
31 B 24 2
31 C 24 4
31 D 24 3
31 A 25 3
31 B 25 4
31 C 25 2
31 D 25 5
31 A 26 2
31 B 26 5
31 C 26 4
31 D 26 3
31 A 27 5
31 B 27 2
31 C 27 4
31 D 27 3
31 A 28 5
31 B 28 2
31 C 28 4
31 D 28 3
31 A 29 2
31 B 29 4
31 C 29 3
31 D 29 5
31 A 30 2
31 B 30 5
31 C 30 3
31 D 30 4
31 A 31 4
31 B 31 2
31 C 31 3
31 D 31 5
31 A 32 1
31 B 32 2
31 C 32 4
31 D 32 5
31 A 33 5
31 B 33 2
31 C 33 4
31 D 33 3
31 A 34 2
31 B 34 4
31 C 34 5
31 D 34 3
31 A 35 2
31 B 35 4
31 C 35 3
31 D 35 5
31 A 36 3
31 B 36 2
31 C 36 5
31 D 36 4
31 A 37 2
31 B 37 5
31 C 37 4
31 D 37 3
31 A 38 4
31 B 38 2
31 C 38 5
31 D 38 3
31 A 39 5
31 B 39 4
31 C 39 2
31 D 39 3
31 A 40 5
31 B 40 2
31 C 40 3
31 D 40 4
31 A 41 2
31 B 41 5
31 C 41 3
31 D 41 4
31 A 42 4
31 B 42 5
31 C 42 2
31 D 42 3
31 A 43 2
31 B 43 5
31 C 43 3
31 D 43 4
31 A 44 2
31 B 44 5
31 C 44 4
31 D 44 3
31 A 45 2
31 B 45 5
31 C 45 4
31 D 45 3
31 A 46 5
31 B 46 2
31 C 46 3
31 D 46 4
31 A 47 5
31 B 47 4
31 C 47 2
31 D 47 3
31 A 48 3
31 B 48 5
31 C 48 2
31 D 48 4
31 A 49 4
31 B 49 2
31 C 49 5
31 D 49 3
31 A 50 3
31 B 50 2
31 C 50 5
31 D 50 4
32 A 1 3
32 B 1 2
32 C 1 4
32 D 1 5
32 A 2 2
32 B 2 5
32 C 2 3
32 D 2 4
32 A 3 3
32 B 3 2
32 C 3 5
32 D 3 4
32 A 4 3
32 B 4 2
32 C 4 5
32 D 4 4
32 A 5 4
32 B 5 5
32 C 5 2
32 D 5 3
32 A 6 4
32 B 6 2
32 C 6 3
32 D 6 5
32 A 7 2
32 B 7 5
32 C 7 3
32 D 7 4
32 A 8 5
32 B 8 3
32 C 8 2
32 D 8 4
32 A 9 5
32 B 9 3
32 C 9 2
32 D 9 4
32 A 10 2
32 B 10 4
32 C 10 3
32 D 10 5
32 A 11 2
32 B 11 3
32 C 11 4
32 D 11 5
32 A 12 5
32 B 12 2
32 C 12 4
32 D 12 3
32 A 13 4
32 B 13 5
32 C 13 2
32 D 13 3
32 A 14 5
32 B 14 2
32 C 14 3
32 D 14 4
32 A 15 4
32 B 15 5
32 C 15 2
32 D 15 3
32 A 16 2
32 B 16 4
32 C 16 5
32 D 16 3
32 A 17 5
32 B 17 4
32 C 17 2
32 D 17 3
32 A 18 4
32 B 18 3
32 C 18 5
32 D 18 2
32 A 19 5
32 B 19 2
32 C 19 4
32 D 19 3
32 A 20 5
32 B 20 2
32 C 20 4
32 D 20 3
32 A 21 4
32 B 21 3
32 C 21 5
32 D 21 2
32 A 22 3
32 B 22 5
32 C 22 2
32 D 22 4
32 A 23 3
32 B 23 4
32 C 23 2
32 D 23 5
32 A 24 4
32 B 24 5
32 C 24 3
32 D 24 2
32 A 25 4
32 B 25 5
32 C 25 3
32 D 25 2
32 A 26 4
32 B 26 2
32 C 26 5
32 D 26 3
32 A 27 5
32 B 27 3
32 C 27 4
32 D 27 2
32 A 28 5
32 B 28 2
32 C 28 4
32 D 28 3
32 A 29 5
32 B 29 4
32 C 29 2
32 D 29 3
32 A 30 2
32 B 30 5
32 C 30 3
32 D 30 4
32 A 31 4
32 B 31 5
32 C 31 3
32 D 31 2
32 A 32 2
32 B 32 5
32 C 32 3
32 D 32 4
32 A 33 3
32 B 33 1
32 C 33 5
32 D 33 4
32 A 34 3
32 B 34 4
32 C 34 2
32 D 34 5
32 A 35 5
32 B 35 3
32 C 35 4
32 D 35 2
32 A 36 5
32 B 36 4
32 C 36 3
32 D 36 2
32 A 37 4
32 B 37 3
32 C 37 5
32 D 37 2
32 A 38 2
32 B 38 3
32 C 38 5
32 D 38 4
32 A 39 3
32 B 39 2
32 C 39 4
32 D 39 5
32 A 40 2
32 B 40 4
32 C 40 5
32 D 40 3
32 A 41 5
32 B 41 3
32 C 41 4
32 D 41 2
32 A 42 3
32 B 42 5
32 C 42 2
32 D 42 4
32 A 43 3
32 B 43 2
32 C 43 5
32 D 43 4
32 A 44 4
32 B 44 3
32 C 44 5
32 D 44 2
32 A 45 4
32 B 45 3
32 C 45 5
32 D 45 2
32 A 46 3
32 B 46 5
32 C 46 4
32 D 46 2
32 A 47 5
32 B 47 2
32 C 47 4
32 D 47 3
32 A 48 3
32 B 48 5
32 C 48 4
32 D 48 2
32 A 49 3
32 B 49 4
32 C 49 5
32 D 49 2
32 A 50 3
32 B 50 2
32 C 50 4
32 D 50 5
33 A 1 4
33 B 1 2
33 C 1 5
33 D 1 3
33 A 2 3
33 B 2 5
33 C 2 2
33 D 2 4
33 A 3 5
33 B 3 2
33 C 3 4
33 D 3 3
33 A 4 4
33 B 4 3
33 C 4 5
33 D 4 2
33 A 5 5
33 B 5 2
33 C 5 4
33 D 5 3
33 A 6 5
33 B 6 2
33 C 6 3
33 D 6 4
33 A 7 2
33 B 7 5
33 C 7 4
33 D 7 3
33 A 8 3
33 B 8 5
33 C 8 2
33 D 8 4
33 A 9 2
33 B 9 5
33 C 9 3
33 D 9 4
33 A 10 3
33 B 10 4
33 C 10 5
33 D 10 2
33 A 11 4
33 B 11 2
33 C 11 5
33 D 11 3
33 A 12 2
33 B 12 4
33 C 12 5
33 D 12 3
33 A 13 5
33 B 13 2
33 C 13 4
33 D 13 3
33 A 14 5
33 B 14 4
33 C 14 3
33 D 14 2
33 A 15 2
33 B 15 4
33 C 15 5
33 D 15 3
33 A 16 5
33 B 16 2
33 C 16 3
33 D 16 4
33 A 17 5
33 B 17 4
33 C 17 2
33 D 17 3
33 A 18 4
33 B 18 2
33 C 18 5
33 D 18 3
33 A 19 3
33 B 19 5
33 C 19 4
33 D 19 2
33 A 20 3
33 B 20 2
33 C 20 5
33 D 20 4
33 A 21 3
33 B 21 2
33 C 21 5
33 D 21 4
33 A 22 4
33 B 22 3
33 C 22 2
33 D 22 5
33 A 23 2
33 B 23 3
33 C 23 4
33 D 23 5
33 A 24 2
33 B 24 5
33 C 24 3
33 D 24 4
33 A 25 3
33 B 25 5
33 C 25 4
33 D 25 2
33 A 26 4
33 B 26 2
33 C 26 3
33 D 26 5
33 A 27 5
33 B 27 3
33 C 27 2
33 D 27 4
33 A 28 5
33 B 28 3
33 C 28 4
33 D 28 2
33 A 29 3
33 B 29 2
33 C 29 4
33 D 29 5
33 A 30 3
33 B 30 4
33 C 30 5
33 D 30 2
33 A 31 3
33 B 31 5
33 C 31 4
33 D 31 2
33 A 32 3
33 B 32 2
33 C 32 4
33 D 32 5
33 A 33 5
33 B 33 2
33 C 33 4
33 D 33 3
33 A 34 4
33 B 34 1
33 C 34 5
33 D 34 3
33 A 35 2
33 B 35 4
33 C 35 3
33 D 35 5
33 A 36 2
33 B 36 4
33 C 36 3
33 D 36 5
33 A 37 2
33 B 37 4
33 C 37 3
33 D 37 5
33 A 38 4
33 B 38 2
33 C 38 3
33 D 38 5
33 A 39 4
33 B 39 3
33 C 39 2
33 D 39 5
33 A 40 2
33 B 40 5
33 C 40 3
33 D 40 4
33 A 41 5
33 B 41 3
33 C 41 2
33 D 41 4
33 A 42 4
33 B 42 5
33 C 42 3
33 D 42 2
33 A 43 2
33 B 43 4
33 C 43 5
33 D 43 3
33 A 44 5
33 B 44 2
33 C 44 3
33 D 44 4
33 A 45 5
33 B 45 2
33 C 45 3
33 D 45 4
33 A 46 3
33 B 46 5
33 C 46 4
33 D 46 2
33 A 47 5
33 B 47 4
33 C 47 2
33 D 47 3
33 A 48 3
33 B 48 5
33 C 48 2
33 D 48 4
33 A 49 2
33 B 49 5
33 C 49 3
33 D 49 4
33 A 50 3
33 B 50 2
33 C 50 4
33 D 50 5
34 A 1 2
34 B 1 4
34 C 1 3
34 D 1 5
34 A 2 3
34 B 2 2
34 C 2 4
34 D 2 5
34 A 3 4
34 B 3 2
34 C 3 5
34 D 3 3
34 A 4 4
34 B 4 5
34 C 4 2
34 D 4 3
34 A 5 4
34 B 5 5
34 C 5 2
34 D 5 3
34 A 6 5
34 B 6 3
34 C 6 2
34 D 6 4
34 A 7 4
34 B 7 5
34 C 7 3
34 D 7 2
34 A 8 3
34 B 8 5
34 C 8 2
34 D 8 4
34 A 9 5
34 B 9 4
34 C 9 2
34 D 9 3
34 A 10 2
34 B 10 3
34 C 10 4
34 D 10 5
34 A 11 5
34 B 11 4
34 C 11 3
34 D 11 2
34 A 12 4
34 B 12 5
34 C 12 3
34 D 12 2
34 A 13 4
34 B 13 5
34 C 13 2
34 D 13 3
34 A 14 3
34 B 14 2
34 C 14 4
34 D 14 5
34 A 15 3
34 B 15 2
34 C 15 4
34 D 15 5
34 A 16 2
34 B 16 4
34 C 16 5
34 D 16 3
34 A 17 5
34 B 17 2
34 C 17 4
34 D 17 3
34 A 18 4
34 B 18 5
34 C 18 2
34 D 18 3
34 A 19 3
34 B 19 4
34 C 19 5
34 D 19 2
34 A 20 2
34 B 20 4
34 C 20 5
34 D 20 3
34 A 21 5
34 B 21 4
34 C 21 3
34 D 21 2
34 A 22 2
34 B 22 4
34 C 22 5
34 D 22 3
34 A 23 2
34 B 23 3
34 C 23 5
34 D 23 4
34 A 24 3
34 B 24 2
34 C 24 4
34 D 24 5
34 A 25 4
34 B 25 5
34 C 25 2
34 D 25 3
34 A 26 5
34 B 26 4
34 C 26 3
34 D 26 2
34 A 27 4
34 B 27 2
34 C 27 5
34 D 27 3
34 A 28 4
34 B 28 2
34 C 28 3
34 D 28 5
34 A 29 4
34 B 29 2
34 C 29 3
34 D 29 5
34 A 30 4
34 B 30 3
34 C 30 2
34 D 30 5
34 A 31 3
34 B 31 2
34 C 31 4
34 D 31 5
34 A 32 3
34 B 32 2
34 C 32 4
34 D 32 5
34 A 33 2
34 B 33 3
34 C 33 5
34 D 33 4
34 A 34 2
34 B 34 5
34 C 34 4
34 D 34 3
34 A 35 3
34 B 35 1
34 C 35 5
34 D 35 2
34 A 36 3
34 B 36 2
34 C 36 5
34 D 36 4
34 A 37 5
34 B 37 4
34 C 37 3
34 D 37 2
34 A 38 2
34 B 38 5
34 C 38 3
34 D 38 4
34 A 39 4
34 B 39 3
34 C 39 2
34 D 39 5
34 A 40 2
34 B 40 3
34 C 40 4
34 D 40 5
34 A 41 2
34 B 41 4
34 C 41 3
34 D 41 5
34 A 42 5
34 B 42 2
34 C 42 3
34 D 42 4
34 A 43 3
34 B 43 4
34 C 43 5
34 D 43 2
34 A 44 2
34 B 44 4
34 C 44 3
34 D 44 5
34 A 45 5
34 B 45 4
34 C 45 2
34 D 45 3
34 A 46 5
34 B 46 3
34 C 46 4
34 D 46 2
34 A 47 5
34 B 47 4
34 C 47 2
34 D 47 3
34 A 48 4
34 B 48 2
34 C 48 5
34 D 48 3
34 A 49 3
34 B 49 2
34 C 49 4
34 D 49 5
34 A 50 5
34 B 50 2
34 C 50 4
34 D 50 3
35 A 1 3
35 B 1 5
35 C 1 2
35 D 1 4
35 A 2 3
35 B 2 5
35 C 2 4
35 D 2 2
35 A 3 2
35 B 3 4
35 C 3 5
35 D 3 3
35 A 4 4
35 B 4 2
35 C 4 3
35 D 4 5
35 A 5 2
35 B 5 5
35 C 5 4
35 D 5 3
35 A 6 3
35 B 6 2
35 C 6 5
35 D 6 4
35 A 7 4
35 B 7 5
35 C 7 2
35 D 7 3
35 A 8 4
35 B 8 2
35 C 8 3
35 D 8 5
35 A 9 5
35 B 9 2
35 C 9 3
35 D 9 4
35 A 10 5
35 B 10 2
35 C 10 3
35 D 10 4
35 A 11 2
35 B 11 5
35 C 11 3
35 D 11 4
35 A 12 3
35 B 12 2
35 C 12 5
35 D 12 4
35 A 13 4
35 B 13 3
35 C 13 5
35 D 13 2
35 A 14 3
35 B 14 5
35 C 14 2
35 D 14 4
35 A 15 3
35 B 15 4
35 C 15 5
35 D 15 2
35 A 16 2
35 B 16 4
35 C 16 5
35 D 16 3
35 A 17 4
35 B 17 2
35 C 17 5
35 D 17 3
35 A 18 4
35 B 18 3
35 C 18 5
35 D 18 2
35 A 19 3
35 B 19 2
35 C 19 4
35 D 19 5
35 A 20 4
35 B 20 3
35 C 20 2
35 D 20 5
35 A 21 5
35 B 21 4
35 C 21 2
35 D 21 3
35 A 22 3
35 B 22 4
35 C 22 2
35 D 22 5
35 A 23 3
35 B 23 5
35 C 23 2
35 D 23 4
35 A 24 4
35 B 24 2
35 C 24 3
35 D 24 5
35 A 25 2
35 B 25 5
35 C 25 3
35 D 25 4
35 A 26 2
35 B 26 3
35 C 26 5
35 D 26 4
35 A 27 3
35 B 27 2
35 C 27 5
35 D 27 4
35 A 28 5
35 B 28 2
35 C 28 4
35 D 28 3
35 A 29 4
35 B 29 2
35 C 29 3
35 D 29 5
35 A 30 3
35 B 30 5
35 C 30 2
35 D 30 4
35 A 31 2
35 B 31 5
35 C 31 3
35 D 31 4
35 A 32 5
35 B 32 3
35 C 32 4
35 D 32 2
35 A 33 2
35 B 33 5
35 C 33 3
35 D 33 4
35 A 34 5
35 B 34 3
35 C 34 2
35 D 34 4
35 A 35 4
35 B 35 5
35 C 35 3
35 D 35 2
35 A 36 3
35 B 36 5
35 C 36 2
35 D 36 1
35 A 37 5
35 B 37 2
35 C 37 4
35 D 37 3
35 A 38 5
35 B 38 3
35 C 38 2
35 D 38 4
35 A 39 3
35 B 39 5
35 C 39 2
35 D 39 4
35 A 40 2
35 B 40 5
35 C 40 3
35 D 40 4
35 A 41 3
35 B 41 4
35 C 41 5
35 D 41 2
35 A 42 3
35 B 42 5
35 C 42 4
35 D 42 2
35 A 43 3
35 B 43 2
35 C 43 5
35 D 43 4
35 A 44 5
35 B 44 4
35 C 44 3
35 D 44 2
35 A 45 5
35 B 45 2
35 C 45 3
35 D 45 4
35 A 46 3
35 B 46 5
35 C 46 2
35 D 46 4
35 A 47 3
35 B 47 2
35 C 47 4
35 D 47 5
35 A 48 3
35 B 48 2
35 C 48 5
35 D 48 4
35 A 49 4
35 B 49 5
35 C 49 2
35 D 49 3
35 A 50 5
35 B 50 4
35 C 50 3
35 D 50 2
36 A 1 3
36 B 1 2
36 C 1 4
36 D 1 5
36 A 2 4
36 B 2 5
36 C 2 3
36 D 2 2
36 A 3 2
36 B 3 4
36 C 3 5
36 D 3 3
36 A 4 3
36 B 4 5
36 C 4 4
36 D 4 2
36 A 5 4
36 B 5 5
36 C 5 3
36 D 5 2
36 A 6 4
36 B 6 5
36 C 6 2
36 D 6 3
36 A 7 4
36 B 7 3
36 C 7 5
36 D 7 2
36 A 8 5
36 B 8 2
36 C 8 3
36 D 8 4
36 A 9 2
36 B 9 5
36 C 9 4
36 D 9 3
36 A 10 2
36 B 10 4
36 C 10 5
36 D 10 3
36 A 11 2
36 B 11 3
36 C 11 5
36 D 11 4
36 A 12 3
36 B 12 2
36 C 12 5
36 D 12 4
36 A 13 2
36 B 13 5
36 C 13 3
36 D 13 4
36 A 14 2
36 B 14 3
36 C 14 4
36 D 14 5
36 A 15 2
36 B 15 5
36 C 15 3
36 D 15 4
36 A 16 4
36 B 16 3
36 C 16 2
36 D 16 5
36 A 17 3
36 B 17 5
36 C 17 2
36 D 17 4
36 A 18 4
36 B 18 5
36 C 18 3
36 D 18 2
36 A 19 2
36 B 19 3
36 C 19 4
36 D 19 5
36 A 20 2
36 B 20 5
36 C 20 4
36 D 20 3
36 A 21 2
36 B 21 4
36 C 21 3
36 D 21 5
36 A 22 4
36 B 22 2
36 C 22 5
36 D 22 3
36 A 23 3
36 B 23 4
36 C 23 2
36 D 23 5
36 A 24 2
36 B 24 5
36 C 24 3
36 D 24 4
36 A 25 4
36 B 25 5
36 C 25 3
36 D 25 2
36 A 26 3
36 B 26 2
36 C 26 4
36 D 26 5
36 A 27 4
36 B 27 3
36 C 27 2
36 D 27 5
36 A 28 5
36 B 28 4
36 C 28 3
36 D 28 2
36 A 29 3
36 B 29 2
36 C 29 4
36 D 29 5
36 A 30 3
36 B 30 4
36 C 30 5
36 D 30 2
36 A 31 2
36 B 31 4
36 C 31 5
36 D 31 3
36 A 32 3
36 B 32 2
36 C 32 5
36 D 32 4
36 A 33 4
36 B 33 5
36 C 33 2
36 D 33 3
36 A 34 4
36 B 34 3
36 C 34 5
36 D 34 2
36 A 35 2
36 B 35 3
36 C 35 5
36 D 35 4
36 A 36 2
36 B 36 3
36 C 36 5
36 D 36 4
36 A 37 2
36 B 37 1
36 C 37 3
36 D 37 5
36 A 38 4
36 B 38 5
36 C 38 3
36 D 38 2
36 A 39 2
36 B 39 3
36 C 39 4
36 D 39 5
36 A 40 3
36 B 40 4
36 C 40 5
36 D 40 2
36 A 41 5
36 B 41 3
36 C 41 2
36 D 41 4
36 A 42 2
36 B 42 4
36 C 42 5
36 D 42 3
36 A 43 5
36 B 43 4
36 C 43 2
36 D 43 3
36 A 44 3
36 B 44 4
36 C 44 2
36 D 44 5
36 A 45 3
36 B 45 4
36 C 45 5
36 D 45 2
36 A 46 3
36 B 46 2
36 C 46 4
36 D 46 5
36 A 47 2
36 B 47 5
36 C 47 3
36 D 47 4
36 A 48 2
36 B 48 5
36 C 48 3
36 D 48 4
36 A 49 3
36 B 49 5
36 C 49 2
36 D 49 4
36 A 50 3
36 B 50 4
36 C 50 5
36 D 50 2
37 A 1 3
37 B 1 4
37 C 1 2
37 D 1 5
37 A 2 2
37 B 2 5
37 C 2 3
37 D 2 4
37 A 3 3
37 B 3 4
37 C 3 5
37 D 3 2
37 A 4 5
37 B 4 4
37 C 4 3
37 D 4 2
37 A 5 2
37 B 5 3
37 C 5 4
37 D 5 5
37 A 6 3
37 B 6 5
37 C 6 2
37 D 6 4
37 A 7 4
37 B 7 5
37 C 7 3
37 D 7 2
37 A 8 2
37 B 8 4
37 C 8 5
37 D 8 3
37 A 9 3
37 B 9 5
37 C 9 2
37 D 9 4
37 A 10 2
37 B 10 4
37 C 10 5
37 D 10 3
37 A 11 2
37 B 11 4
37 C 11 3
37 D 11 5
37 A 12 2
37 B 12 3
37 C 12 5
37 D 12 4
37 A 13 5
37 B 13 2
37 C 13 3
37 D 13 4
37 A 14 2
37 B 14 3
37 C 14 4
37 D 14 5
37 A 15 5
37 B 15 4
37 C 15 3
37 D 15 2
37 A 16 3
37 B 16 5
37 C 16 4
37 D 16 2
37 A 17 5
37 B 17 3
37 C 17 4
37 D 17 2
37 A 18 5
37 B 18 4
37 C 18 2
37 D 18 3
37 A 19 2
37 B 19 5
37 C 19 4
37 D 19 3
37 A 20 3
37 B 20 2
37 C 20 5
37 D 20 4
37 A 21 3
37 B 21 2
37 C 21 4
37 D 21 5
37 A 22 2
37 B 22 3
37 C 22 5
37 D 22 4
37 A 23 5
37 B 23 2
37 C 23 3
37 D 23 4
37 A 24 3
37 B 24 5
37 C 24 2
37 D 24 4
37 A 25 2
37 B 25 4
37 C 25 5
37 D 25 3
37 A 26 4
37 B 26 3
37 C 26 5
37 D 26 2
37 A 27 5
37 B 27 2
37 C 27 4
37 D 27 3
37 A 28 4
37 B 28 3
37 C 28 5
37 D 28 2
37 A 29 4
37 B 29 2
37 C 29 3
37 D 29 5
37 A 30 3
37 B 30 2
37 C 30 4
37 D 30 5
37 A 31 2
37 B 31 4
37 C 31 3
37 D 31 5
37 A 32 3
37 B 32 2
37 C 32 5
37 D 32 4
37 A 33 5
37 B 33 4
37 C 33 3
37 D 33 2
37 A 34 5
37 B 34 2
37 C 34 3
37 D 34 4
37 A 35 2
37 B 35 3
37 C 35 4
37 D 35 5
37 A 36 5
37 B 36 3
37 C 36 2
37 D 36 4
37 A 37 4
37 B 37 2
37 C 37 5
37 D 37 3
37 A 38 4
37 B 38 1
37 C 38 5
37 D 38 2
37 A 39 3
37 B 39 5
37 C 39 4
37 D 39 2
37 A 40 3
37 B 40 2
37 C 40 4
37 D 40 5
37 A 41 2
37 B 41 3
37 C 41 4
37 D 41 5
37 A 42 4
37 B 42 5
37 C 42 3
37 D 42 2
37 A 43 4
37 B 43 5
37 C 43 2
37 D 43 3
37 A 44 2
37 B 44 5
37 C 44 3
37 D 44 4
37 A 45 3
37 B 45 4
37 C 45 5
37 D 45 2
37 A 46 4
37 B 46 2
37 C 46 5
37 D 46 3
37 A 47 3
37 B 47 2
37 C 47 4
37 D 47 5
37 A 48 4
37 B 48 5
37 C 48 3
37 D 48 2
37 A 49 2
37 B 49 5
37 C 49 4
37 D 49 3
37 A 50 2
37 B 50 4
37 C 50 3
37 D 50 5
38 A 1 4
38 B 1 2
38 C 1 3
38 D 1 5
38 A 2 2
38 B 2 5
38 C 2 3
38 D 2 4
38 A 3 4
38 B 3 5
38 C 3 3
38 D 3 2
38 A 4 2
38 B 4 5
38 C 4 3
38 D 4 4
38 A 5 4
38 B 5 5
38 C 5 2
38 D 5 3
38 A 6 2
38 B 6 3
38 C 6 5
38 D 6 4
38 A 7 5
38 B 7 3
38 C 7 2
38 D 7 4
38 A 8 4
38 B 8 5
38 C 8 3
38 D 8 2
38 A 9 4
38 B 9 3
38 C 9 5
38 D 9 2
38 A 10 4
38 B 10 2
38 C 10 5
38 D 10 3
38 A 11 3
38 B 11 4
38 C 11 2
38 D 11 5
38 A 12 2
38 B 12 3
38 C 12 5
38 D 12 4
38 A 13 2
38 B 13 3
38 C 13 4
38 D 13 5
38 A 14 5
38 B 14 4
38 C 14 3
38 D 14 2
38 A 15 2
38 B 15 4
38 C 15 3
38 D 15 5
38 A 16 2
38 B 16 3
38 C 16 5
38 D 16 4
38 A 17 4
38 B 17 5
38 C 17 3
38 D 17 2
38 A 18 2
38 B 18 5
38 C 18 3
38 D 18 4
38 A 19 2
38 B 19 3
38 C 19 4
38 D 19 5
38 A 20 3
38 B 20 5
38 C 20 4
38 D 20 2
38 A 21 2
38 B 21 4
38 C 21 3
38 D 21 5
38 A 22 2
38 B 22 3
38 C 22 4
38 D 22 5
38 A 23 3
38 B 23 5
38 C 23 4
38 D 23 2
38 A 24 3
38 B 24 2
38 C 24 5
38 D 24 4
38 A 25 3
38 B 25 5
38 C 25 2
38 D 25 4
38 A 26 3
38 B 26 2
38 C 26 4
38 D 26 5
38 A 27 4
38 B 27 5
38 C 27 3
38 D 27 2
38 A 28 5
38 B 28 3
38 C 28 4
38 D 28 2
38 A 29 5
38 B 29 3
38 C 29 4
38 D 29 2
38 A 30 2
38 B 30 5
38 C 30 3
38 D 30 4
38 A 31 4
38 B 31 3
38 C 31 2
38 D 31 5
38 A 32 2
38 B 32 4
38 C 32 3
38 D 32 5
38 A 33 4
38 B 33 5
38 C 33 2
38 D 33 3
38 A 34 3
38 B 34 5
38 C 34 4
38 D 34 2
38 A 35 4
38 B 35 5
38 C 35 2
38 D 35 3
38 A 36 3
38 B 36 4
38 C 36 5
38 D 36 2
38 A 37 3
38 B 37 5
38 C 37 4
38 D 37 2
38 A 38 4
38 B 38 3
38 C 38 5
38 D 38 2
38 A 39 3
38 B 39 4
38 C 39 5
38 D 39 1
38 A 40 5
38 B 40 3
38 C 40 4
38 D 40 2
38 A 41 2
38 B 41 4
38 C 41 3
38 D 41 5
38 A 42 3
38 B 42 2
38 C 42 4
38 D 42 5
38 A 43 4
38 B 43 2
38 C 43 3
38 D 43 5
38 A 44 4
38 B 44 3
38 C 44 2
38 D 44 5
38 A 45 3
38 B 45 5
38 C 45 4
38 D 45 2
38 A 46 4
38 B 46 2
38 C 46 3
38 D 46 5
38 A 47 2
38 B 47 3
38 C 47 4
38 D 47 5
38 A 48 4
38 B 48 2
38 C 48 3
38 D 48 5
38 A 49 2
38 B 49 3
38 C 49 5
38 D 49 4
38 A 50 5
38 B 50 4
38 C 50 2
38 D 50 3
39 A 1 4
39 B 1 3
39 C 1 5
39 D 1 2
39 A 2 3
39 B 2 4
39 C 2 5
39 D 2 2
39 A 3 3
39 B 3 2
39 C 3 5
39 D 3 4
39 A 4 5
39 B 4 3
39 C 4 2
39 D 4 4
39 A 5 3
39 B 5 5
39 C 5 4
39 D 5 2
39 A 6 4
39 B 6 2
39 C 6 5
39 D 6 3
39 A 7 4
39 B 7 3
39 C 7 5
39 D 7 2
39 A 8 5
39 B 8 3
39 C 8 4
39 D 8 2
39 A 9 2
39 B 9 5
39 C 9 3
39 D 9 4
39 A 10 3
39 B 10 5
39 C 10 2
39 D 10 4
39 A 11 2
39 B 11 3
39 C 11 5
39 D 11 4
39 A 12 5
39 B 12 3
39 C 12 4
39 D 12 2
39 A 13 5
39 B 13 4
39 C 13 3
39 D 13 2
39 A 14 3
39 B 14 5
39 C 14 4
39 D 14 2
39 A 15 5
39 B 15 3
39 C 15 2
39 D 15 4
39 A 16 2
39 B 16 5
39 C 16 4
39 D 16 3
39 A 17 2
39 B 17 3
39 C 17 4
39 D 17 5
39 A 18 4
39 B 18 2
39 C 18 5
39 D 18 3
39 A 19 3
39 B 19 2
39 C 19 4
39 D 19 5
39 A 20 3
39 B 20 5
39 C 20 4
39 D 20 2
39 A 21 4
39 B 21 3
39 C 21 5
39 D 21 2
39 A 22 2
39 B 22 4
39 C 22 5
39 D 22 3
39 A 23 5
39 B 23 2
39 C 23 3
39 D 23 4
39 A 24 2
39 B 24 3
39 C 24 4
39 D 24 5
39 A 25 2
39 B 25 3
39 C 25 5
39 D 25 4
39 A 26 4
39 B 26 3
39 C 26 2
39 D 26 5
39 A 27 2
39 B 27 4
39 C 27 3
39 D 27 5
39 A 28 3
39 B 28 5
39 C 28 2
39 D 28 4
39 A 29 4
39 B 29 5
39 C 29 3
39 D 29 2
39 A 30 2
39 B 30 5
39 C 30 3
39 D 30 4
39 A 31 3
39 B 31 4
39 C 31 5
39 D 31 2
39 A 32 5
39 B 32 4
39 C 32 2
39 D 32 3
39 A 33 4
39 B 33 2
39 C 33 3
39 D 33 5
39 A 34 5
39 B 34 4
39 C 34 2
39 D 34 3
39 A 35 5
39 B 35 2
39 C 35 4
39 D 35 3
39 A 36 2
39 B 36 3
39 C 36 5
39 D 36 4
39 A 37 5
39 B 37 3
39 C 37 4
39 D 37 2
39 A 38 4
39 B 38 5
39 C 38 3
39 D 38 2
39 A 39 4
39 B 39 5
39 C 39 2
39 D 39 3
39 A 40 4
39 B 40 5
39 C 40 2
39 D 40 1
39 A 41 3
39 B 41 5
39 C 41 4
39 D 41 2
39 A 42 2
39 B 42 3
39 C 42 4
39 D 42 5
39 A 43 2
39 B 43 4
39 C 43 5
39 D 43 3
39 A 44 2
39 B 44 4
39 C 44 3
39 D 44 5
39 A 45 5
39 B 45 2
39 C 45 3
39 D 45 4
39 A 46 4
39 B 46 2
39 C 46 3
39 D 46 5
39 A 47 3
39 B 47 4
39 C 47 2
39 D 47 5
39 A 48 3
39 B 48 2
39 C 48 5
39 D 48 4
39 A 49 3
39 B 49 4
39 C 49 2
39 D 49 5
39 A 50 3
39 B 50 2
39 C 50 4
39 D 50 5
40 A 1 4
40 B 1 5
40 C 1 2
40 D 1 3
40 A 2 2
40 B 2 3
40 C 2 4
40 D 2 5
40 A 3 3
40 B 3 5
40 C 3 4
40 D 3 2
40 A 4 4
40 B 4 3
40 C 4 5
40 D 4 2
40 A 5 4
40 B 5 3
40 C 5 2
40 D 5 5
40 A 6 3
40 B 6 5
40 C 6 4
40 D 6 2
40 A 7 2
40 B 7 4
40 C 7 3
40 D 7 5
40 A 8 4
40 B 8 5
40 C 8 2
40 D 8 3
40 A 9 2
40 B 9 4
40 C 9 3
40 D 9 5
40 A 10 4
40 B 10 2
40 C 10 3
40 D 10 5
40 A 11 2
40 B 11 4
40 C 11 3
40 D 11 5
40 A 12 2
40 B 12 4
40 C 12 3
40 D 12 5
40 A 13 3
40 B 13 4
40 C 13 2
40 D 13 5
40 A 14 5
40 B 14 3
40 C 14 4
40 D 14 2
40 A 15 4
40 B 15 2
40 C 15 3
40 D 15 5
40 A 16 5
40 B 16 4
40 C 16 2
40 D 16 3
40 A 17 2
40 B 17 5
40 C 17 3
40 D 17 4
40 A 18 4
40 B 18 2
40 C 18 5
40 D 18 3
40 A 19 5
40 B 19 2
40 C 19 4
40 D 19 3
40 A 20 3
40 B 20 5
40 C 20 2
40 D 20 4
40 A 21 3
40 B 21 5
40 C 21 2
40 D 21 4
40 A 22 3
40 B 22 5
40 C 22 2
40 D 22 4
40 A 23 3
40 B 23 2
40 C 23 4
40 D 23 5
40 A 24 4
40 B 24 3
40 C 24 2
40 D 24 5
40 A 25 4
40 B 25 2
40 C 25 3
40 D 25 5
40 A 26 5
40 B 26 3
40 C 26 2
40 D 26 4
40 A 27 4
40 B 27 5
40 C 27 2
40 D 27 3
40 A 28 4
40 B 28 5
40 C 28 2
40 D 28 3
40 A 29 2
40 B 29 5
40 C 29 4
40 D 29 3
40 A 30 2
40 B 30 4
40 C 30 5
40 D 30 3
40 A 31 5
40 B 31 4
40 C 31 2
40 D 31 3
40 A 32 3
40 B 32 4
40 C 32 2
40 D 32 5
40 A 33 2
40 B 33 5
40 C 33 3
40 D 33 4
40 A 34 5
40 B 34 4
40 C 34 2
40 D 34 3
40 A 35 5
40 B 35 2
40 C 35 4
40 D 35 3
40 A 36 3
40 B 36 5
40 C 36 2
40 D 36 4
40 A 37 4
40 B 37 3
40 C 37 5
40 D 37 2
40 A 38 4
40 B 38 5
40 C 38 3
40 D 38 2
40 A 39 2
40 B 39 3
40 C 39 4
40 D 39 5
40 A 40 5
40 B 40 2
40 C 40 4
40 D 40 3
40 A 41 3
40 B 41 1
40 C 41 5
40 D 41 2
40 A 42 5
40 B 42 4
40 C 42 3
40 D 42 2
40 A 43 3
40 B 43 5
40 C 43 4
40 D 43 2
40 A 44 4
40 B 44 5
40 C 44 3
40 D 44 2
40 A 45 5
40 B 45 4
40 C 45 2
40 D 45 3
40 A 46 4
40 B 46 5
40 C 46 3
40 D 46 2
40 A 47 3
40 B 47 2
40 C 47 5
40 D 47 4
40 A 48 5
40 B 48 2
40 C 48 3
40 D 48 4
40 A 49 3
40 B 49 5
40 C 49 2
40 D 49 4
40 A 50 5
40 B 50 4
40 C 50 2
40 D 50 3
41 A 1 2
41 B 1 5
41 C 1 4
41 D 1 3
41 A 2 5
41 B 2 4
41 C 2 2
41 D 2 3
41 A 3 3
41 B 3 5
41 C 3 4
41 D 3 2
41 A 4 4
41 B 4 5
41 C 4 2
41 D 4 3
41 A 5 4
41 B 5 3
41 C 5 5
41 D 5 2
41 A 6 5
41 B 6 4
41 C 6 2
41 D 6 3
41 A 7 3
41 B 7 2
41 C 7 5
41 D 7 4
41 A 8 2
41 B 8 3
41 C 8 5
41 D 8 4
41 A 9 4
41 B 9 3
41 C 9 5
41 D 9 2
41 A 10 5
41 B 10 2
41 C 10 4
41 D 10 3
41 A 11 2
41 B 11 4
41 C 11 5
41 D 11 3
41 A 12 2
41 B 12 5
41 C 12 3
41 D 12 4
41 A 13 3
41 B 13 5
41 C 13 2
41 D 13 4
41 A 14 5
41 B 14 3
41 C 14 4
41 D 14 2
41 A 15 5
41 B 15 4
41 C 15 2
41 D 15 3
41 A 16 3
41 B 16 4
41 C 16 5
41 D 16 2
41 A 17 4
41 B 17 2
41 C 17 5
41 D 17 3
41 A 18 5
41 B 18 4
41 C 18 2
41 D 18 3
41 A 19 2
41 B 19 4
41 C 19 5
41 D 19 3
41 A 20 3
41 B 20 4
41 C 20 2
41 D 20 5
41 A 21 4
41 B 21 3
41 C 21 5
41 D 21 2
41 A 22 5
41 B 22 3
41 C 22 4
41 D 22 2
41 A 23 3
41 B 23 4
41 C 23 2
41 D 23 5
41 A 24 2
41 B 24 3
41 C 24 5
41 D 24 4
41 A 25 4
41 B 25 3
41 C 25 2
41 D 25 5
41 A 26 2
41 B 26 5
41 C 26 3
41 D 26 4
41 A 27 3
41 B 27 2
41 C 27 4
41 D 27 5
41 A 28 2
41 B 28 3
41 C 28 5
41 D 28 4
41 A 29 3
41 B 29 2
41 C 29 4
41 D 29 5
41 A 30 3
41 B 30 5
41 C 30 4
41 D 30 2
41 A 31 2
41 B 31 4
41 C 31 5
41 D 31 3
41 A 32 2
41 B 32 3
41 C 32 5
41 D 32 4
41 A 33 4
41 B 33 2
41 C 33 5
41 D 33 3
41 A 34 3
41 B 34 4
41 C 34 5
41 D 34 2
41 A 35 2
41 B 35 5
41 C 35 3
41 D 35 4
41 A 36 3
41 B 36 4
41 C 36 2
41 D 36 5
41 A 37 2
41 B 37 5
41 C 37 3
41 D 37 4
41 A 38 2
41 B 38 3
41 C 38 5
41 D 38 4
41 A 39 4
41 B 39 3
41 C 39 2
41 D 39 5
41 A 40 2
41 B 40 5
41 C 40 4
41 D 40 3
41 A 41 4
41 B 41 2
41 C 41 5
41 D 41 3
41 A 42 1
41 B 42 2
41 C 42 5
41 D 42 3
41 A 43 2
41 B 43 4
41 C 43 3
41 D 43 5
41 A 44 5
41 B 44 2
41 C 44 4
41 D 44 3
41 A 45 2
41 B 45 4
41 C 45 3
41 D 45 5
41 A 46 3
41 B 46 2
41 C 46 4
41 D 46 5
41 A 47 5
41 B 47 4
41 C 47 2
41 D 47 3
41 A 48 3
41 B 48 5
41 C 48 2
41 D 48 4
41 A 49 2
41 B 49 5
41 C 49 3
41 D 49 4
41 A 50 4
41 B 50 2
41 C 50 3
41 D 50 5
42 A 1 5
42 B 1 4
42 C 1 3
42 D 1 2
42 A 2 5
42 B 2 3
42 C 2 4
42 D 2 2
42 A 3 4
42 B 3 5
42 C 3 2
42 D 3 3
42 A 4 3
42 B 4 5
42 C 4 2
42 D 4 4
42 A 5 5
42 B 5 2
42 C 5 4
42 D 5 3
42 A 6 4
42 B 6 3
42 C 6 2
42 D 6 5
42 A 7 2
42 B 7 3
42 C 7 5
42 D 7 4
42 A 8 2
42 B 8 5
42 C 8 3
42 D 8 4
42 A 9 5
42 B 9 2
42 C 9 3
42 D 9 4
42 A 10 2
42 B 10 3
42 C 10 4
42 D 10 5
42 A 11 5
42 B 11 3
42 C 11 4
42 D 11 2
42 A 12 4
42 B 12 5
42 C 12 3
42 D 12 2
42 A 13 5
42 B 13 2
42 C 13 4
42 D 13 3
42 A 14 5
42 B 14 3
42 C 14 2
42 D 14 4
42 A 15 4
42 B 15 2
42 C 15 3
42 D 15 5
42 A 16 2
42 B 16 4
42 C 16 3
42 D 16 5
42 A 17 5
42 B 17 2
42 C 17 4
42 D 17 3
42 A 18 4
42 B 18 5
42 C 18 2
42 D 18 3
42 A 19 5
42 B 19 3
42 C 19 2
42 D 19 4
42 A 20 4
42 B 20 2
42 C 20 3
42 D 20 5
42 A 21 5
42 B 21 2
42 C 21 3
42 D 21 4
42 A 22 2
42 B 22 4
42 C 22 5
42 D 22 3
42 A 23 3
42 B 23 2
42 C 23 4
42 D 23 5
42 A 24 3
42 B 24 2
42 C 24 5
42 D 24 4
42 A 25 5
42 B 25 3
42 C 25 4
42 D 25 2
42 A 26 4
42 B 26 5
42 C 26 2
42 D 26 3
42 A 27 5
42 B 27 2
42 C 27 4
42 D 27 3
42 A 28 5
42 B 28 4
42 C 28 3
42 D 28 2
42 A 29 5
42 B 29 4
42 C 29 2
42 D 29 3
42 A 30 3
42 B 30 2
42 C 30 5
42 D 30 4
42 A 31 5
42 B 31 3
42 C 31 2
42 D 31 4
42 A 32 2
42 B 32 3
42 C 32 4
42 D 32 5
42 A 33 4
42 B 33 3
42 C 33 2
42 D 33 5
42 A 34 3
42 B 34 5
42 C 34 4
42 D 34 2
42 A 35 5
42 B 35 2
42 C 35 3
42 D 35 4
42 A 36 3
42 B 36 4
42 C 36 5
42 D 36 2
42 A 37 5
42 B 37 3
42 C 37 2
42 D 37 4
42 A 38 3
42 B 38 4
42 C 38 5
42 D 38 2
42 A 39 2
42 B 39 3
42 C 39 5
42 D 39 4
42 A 40 5
42 B 40 2
42 C 40 3
42 D 40 4
42 A 41 2
42 B 41 4
42 C 41 5
42 D 41 3
42 A 42 2
42 B 42 5
42 C 42 4
42 D 42 3
42 A 43 5
42 B 43 4
42 C 43 1
42 D 43 3
42 A 44 4
42 B 44 5
42 C 44 2
42 D 44 3
42 A 45 3
42 B 45 4
42 C 45 2
42 D 45 5
42 A 46 4
42 B 46 2
42 C 46 3
42 D 46 5
42 A 47 2
42 B 47 3
42 C 47 4
42 D 47 5
42 A 48 3
42 B 48 5
42 C 48 4
42 D 48 2
42 A 49 4
42 B 49 5
42 C 49 3
42 D 49 2
42 A 50 4
42 B 50 3
42 C 50 2
42 D 50 5
43 A 1 4
43 B 1 2
43 C 1 5
43 D 1 3
43 A 2 3
43 B 2 5
43 C 2 2
43 D 2 4
43 A 3 3
43 B 3 5
43 C 3 2
43 D 3 4
43 A 4 4
43 B 4 2
43 C 4 5
43 D 4 3
43 A 5 3
43 B 5 4
43 C 5 2
43 D 5 5
43 A 6 2
43 B 6 4
43 C 6 3
43 D 6 5
43 A 7 3
43 B 7 4
43 C 7 5
43 D 7 2
43 A 8 2
43 B 8 4
43 C 8 5
43 D 8 3
43 A 9 2
43 B 9 3
43 C 9 4
43 D 9 5
43 A 10 2
43 B 10 3
43 C 10 4
43 D 10 5
43 A 11 2
43 B 11 5
43 C 11 4
43 D 11 3
43 A 12 4
43 B 12 3
43 C 12 5
43 D 12 2
43 A 13 4
43 B 13 3
43 C 13 5
43 D 13 2
43 A 14 3
43 B 14 2
43 C 14 5
43 D 14 4
43 A 15 5
43 B 15 2
43 C 15 4
43 D 15 3
43 A 16 2
43 B 16 5
43 C 16 4
43 D 16 3
43 A 17 3
43 B 17 4
43 C 17 2
43 D 17 5
43 A 18 4
43 B 18 2
43 C 18 5
43 D 18 3
43 A 19 2
43 B 19 3
43 C 19 4
43 D 19 5
43 A 20 2
43 B 20 3
43 C 20 5
43 D 20 4
43 A 21 5
43 B 21 4
43 C 21 2
43 D 21 3
43 A 22 2
43 B 22 5
43 C 22 4
43 D 22 3
43 A 23 2
43 B 23 4
43 C 23 3
43 D 23 5
43 A 24 5
43 B 24 3
43 C 24 2
43 D 24 4
43 A 25 2
43 B 25 3
43 C 25 5
43 D 25 4
43 A 26 5
43 B 26 3
43 C 26 4
43 D 26 2
43 A 27 5
43 B 27 4
43 C 27 3
43 D 27 2
43 A 28 5
43 B 28 4
43 C 28 3
43 D 28 2
43 A 29 2
43 B 29 3
43 C 29 5
43 D 29 4
43 A 30 4
43 B 30 2
43 C 30 5
43 D 30 3
43 A 31 2
43 B 31 3
43 C 31 5
43 D 31 4
43 A 32 3
43 B 32 4
43 C 32 2
43 D 32 5
43 A 33 5
43 B 33 4
43 C 33 2
43 D 33 3
43 A 34 2
43 B 34 3
43 C 34 5
43 D 34 4
43 A 35 5
43 B 35 4
43 C 35 3
43 D 35 2
43 A 36 3
43 B 36 2
43 C 36 5
43 D 36 4
43 A 37 2
43 B 37 5
43 C 37 4
43 D 37 3
43 A 38 5
43 B 38 4
43 C 38 3
43 D 38 2
43 A 39 2
43 B 39 3
43 C 39 5
43 D 39 4
43 A 40 3
43 B 40 4
43 C 40 2
43 D 40 5
43 A 41 2
43 B 41 3
43 C 41 4
43 D 41 5
43 A 42 5
43 B 42 2
43 C 42 4
43 D 42 3
43 A 43 3
43 B 43 4
43 C 43 5
43 D 43 2
43 A 44 5
43 B 44 1
43 C 44 2
43 D 44 3
43 A 45 5
43 B 45 4
43 C 45 3
43 D 45 2
43 A 46 5
43 B 46 2
43 C 46 3
43 D 46 4
43 A 47 4
43 B 47 3
43 C 47 5
43 D 47 2
43 A 48 4
43 B 48 5
43 C 48 3
43 D 48 2
43 A 49 5
43 B 49 4
43 C 49 3
43 D 49 2
43 A 50 2
43 B 50 5
43 C 50 4
43 D 50 3
44 A 1 3
44 B 1 5
44 C 1 4
44 D 1 2
44 A 2 5
44 B 2 3
44 C 2 4
44 D 2 2
44 A 3 2
44 B 3 4
44 C 3 5
44 D 3 3
44 A 4 5
44 B 4 2
44 C 4 3
44 D 4 4
44 A 5 5
44 B 5 3
44 C 5 2
44 D 5 4
44 A 6 5
44 B 6 3
44 C 6 4
44 D 6 2
44 A 7 3
44 B 7 4
44 C 7 2
44 D 7 5
44 A 8 5
44 B 8 2
44 C 8 4
44 D 8 3
44 A 9 2
44 B 9 5
44 C 9 3
44 D 9 4
44 A 10 4
44 B 10 5
44 C 10 3
44 D 10 2
44 A 11 2
44 B 11 5
44 C 11 4
44 D 11 3
44 A 12 3
44 B 12 4
44 C 12 5
44 D 12 2
44 A 13 5
44 B 13 2
44 C 13 3
44 D 13 4
44 A 14 3
44 B 14 4
44 C 14 2
44 D 14 5
44 A 15 2
44 B 15 5
44 C 15 4
44 D 15 3
44 A 16 2
44 B 16 4
44 C 16 3
44 D 16 5
44 A 17 2
44 B 17 5
44 C 17 4
44 D 17 3
44 A 18 2
44 B 18 4
44 C 18 5
44 D 18 3
44 A 19 5
44 B 19 2
44 C 19 3
44 D 19 4
44 A 20 3
44 B 20 5
44 C 20 2
44 D 20 4
44 A 21 2
44 B 21 4
44 C 21 5
44 D 21 3
44 A 22 2
44 B 22 3
44 C 22 4
44 D 22 5
44 A 23 2
44 B 23 3
44 C 23 4
44 D 23 5
44 A 24 3
44 B 24 5
44 C 24 2
44 D 24 4
44 A 25 4
44 B 25 2
44 C 25 5
44 D 25 3
44 A 26 5
44 B 26 3
44 C 26 4
44 D 26 2
44 A 27 3
44 B 27 5
44 C 27 4
44 D 27 2
44 A 28 5
44 B 28 2
44 C 28 3
44 D 28 4
44 A 29 4
44 B 29 5
44 C 29 3
44 D 29 2
44 A 30 2
44 B 30 3
44 C 30 4
44 D 30 5
44 A 31 2
44 B 31 4
44 C 31 3
44 D 31 5
44 A 32 3
44 B 32 5
44 C 32 4
44 D 32 2
44 A 33 5
44 B 33 2
44 C 33 4
44 D 33 3
44 A 34 3
44 B 34 5
44 C 34 4
44 D 34 2
44 A 35 3
44 B 35 2
44 C 35 5
44 D 35 4
44 A 36 5
44 B 36 3
44 C 36 4
44 D 36 2
44 A 37 5
44 B 37 2
44 C 37 4
44 D 37 3
44 A 38 4
44 B 38 3
44 C 38 2
44 D 38 5
44 A 39 4
44 B 39 5
44 C 39 2
44 D 39 3
44 A 40 4
44 B 40 3
44 C 40 2
44 D 40 5
44 A 41 2
44 B 41 3
44 C 41 4
44 D 41 5
44 A 42 4
44 B 42 5
44 C 42 2
44 D 42 3
44 A 43 5
44 B 43 3
44 C 43 2
44 D 43 4
44 A 44 4
44 B 44 3
44 C 44 2
44 D 44 5
44 A 45 3
44 B 45 1
44 C 45 4
44 D 45 5
44 A 46 5
44 B 46 4
44 C 46 2
44 D 46 3
44 A 47 4
44 B 47 2
44 C 47 5
44 D 47 3
44 A 48 2
44 B 48 3
44 C 48 5
44 D 48 4
44 A 49 3
44 B 49 5
44 C 49 4
44 D 49 2
44 A 50 4
44 B 50 2
44 C 50 5
44 D 50 3
45 A 1 5
45 B 1 2
45 C 1 4
45 D 1 3
45 A 2 4
45 B 2 3
45 C 2 5
45 D 2 2
45 A 3 3
45 B 3 5
45 C 3 4
45 D 3 2
45 A 4 3
45 B 4 4
45 C 4 5
45 D 4 2
45 A 5 4
45 B 5 3
45 C 5 5
45 D 5 2
45 A 6 4
45 B 6 5
45 C 6 3
45 D 6 2
45 A 7 2
45 B 7 4
45 C 7 3
45 D 7 5
45 A 8 2
45 B 8 4
45 C 8 5
45 D 8 3
45 A 9 4
45 B 9 2
45 C 9 3
45 D 9 5
45 A 10 5
45 B 10 2
45 C 10 4
45 D 10 3
45 A 11 4
45 B 11 2
45 C 11 3
45 D 11 5
45 A 12 5
45 B 12 2
45 C 12 3
45 D 12 4
45 A 13 4
45 B 13 5
45 C 13 2
45 D 13 3
45 A 14 2
45 B 14 3
45 C 14 5
45 D 14 4
45 A 15 3
45 B 15 4
45 C 15 5
45 D 15 2
45 A 16 3
45 B 16 4
45 C 16 5
45 D 16 2
45 A 17 2
45 B 17 5
45 C 17 4
45 D 17 3
45 A 18 4
45 B 18 5
45 C 18 3
45 D 18 2
45 A 19 2
45 B 19 4
45 C 19 5
45 D 19 3
45 A 20 4
45 B 20 5
45 C 20 3
45 D 20 2
45 A 21 5
45 B 21 4
45 C 21 2
45 D 21 3
45 A 22 4
45 B 22 2
45 C 22 5
45 D 22 3
45 A 23 2
45 B 23 4
45 C 23 5
45 D 23 3
45 A 24 5
45 B 24 4
45 C 24 2
45 D 24 3
45 A 25 3
45 B 25 5
45 C 25 4
45 D 25 2
45 A 26 5
45 B 26 3
45 C 26 2
45 D 26 4
45 A 27 3
45 B 27 5
45 C 27 4
45 D 27 2
45 A 28 3
45 B 28 5
45 C 28 2
45 D 28 4
45 A 29 5
45 B 29 2
45 C 29 4
45 D 29 3
45 A 30 5
45 B 30 3
45 C 30 4
45 D 30 2
45 A 31 4
45 B 31 2
45 C 31 3
45 D 31 5
45 A 32 3
45 B 32 5
45 C 32 2
45 D 32 4
45 A 33 2
45 B 33 3
45 C 33 5
45 D 33 4
45 A 34 3
45 B 34 2
45 C 34 4
45 D 34 5
45 A 35 4
45 B 35 5
45 C 35 2
45 D 35 3
45 A 36 2
45 B 36 5
45 C 36 3
45 D 36 4
45 A 37 2
45 B 37 4
45 C 37 5
45 D 37 3
45 A 38 5
45 B 38 4
45 C 38 2
45 D 38 3
45 A 39 4
45 B 39 2
45 C 39 3
45 D 39 5
45 A 40 3
45 B 40 4
45 C 40 2
45 D 40 5
45 A 41 5
45 B 41 2
45 C 41 4
45 D 41 3
45 A 42 3
45 B 42 4
45 C 42 5
45 D 42 2
45 A 43 4
45 B 43 3
45 C 43 5
45 D 43 2
45 A 44 4
45 B 44 3
45 C 44 5
45 D 44 2
45 A 45 5
45 B 45 3
45 C 45 2
45 D 45 4
45 A 46 5
45 B 46 4
45 C 46 2
45 D 46 1
45 A 47 5
45 B 47 4
45 C 47 2
45 D 47 3
45 A 48 4
45 B 48 2
45 C 48 3
45 D 48 5
45 A 49 5
45 B 49 3
45 C 49 4
45 D 49 2
45 A 50 2
45 B 50 4
45 C 50 5
45 D 50 3
46 A 1 5
46 B 1 3
46 C 1 4
46 D 1 2
46 A 2 4
46 B 2 3
46 C 2 5
46 D 2 2
46 A 3 3
46 B 3 5
46 C 3 4
46 D 3 2
46 A 4 4
46 B 4 5
46 C 4 2
46 D 4 3
46 A 5 2
46 B 5 5
46 C 5 3
46 D 5 4
46 A 6 5
46 B 6 2
46 C 6 3
46 D 6 4
46 A 7 4
46 B 7 3
46 C 7 2
46 D 7 5
46 A 8 4
46 B 8 5
46 C 8 2
46 D 8 3
46 A 9 2
46 B 9 3
46 C 9 4
46 D 9 5
46 A 10 2
46 B 10 4
46 C 10 5
46 D 10 3
46 A 11 4
46 B 11 2
46 C 11 5
46 D 11 3
46 A 12 2
46 B 12 4
46 C 12 3
46 D 12 5
46 A 13 2
46 B 13 3
46 C 13 4
46 D 13 5
46 A 14 4
46 B 14 2
46 C 14 3
46 D 14 5
46 A 15 4
46 B 15 2
46 C 15 3
46 D 15 5
46 A 16 4
46 B 16 5
46 C 16 2
46 D 16 3
46 A 17 4
46 B 17 3
46 C 17 2
46 D 17 5
46 A 18 5
46 B 18 3
46 C 18 4
46 D 18 2
46 A 19 4
46 B 19 2
46 C 19 5
46 D 19 3
46 A 20 5
46 B 20 3
46 C 20 4
46 D 20 2
46 A 21 5
46 B 21 4
46 C 21 2
46 D 21 3
46 A 22 2
46 B 22 5
46 C 22 4
46 D 22 3
46 A 23 4
46 B 23 2
46 C 23 5
46 D 23 3
46 A 24 2
46 B 24 3
46 C 24 4
46 D 24 5
46 A 25 4
46 B 25 2
46 C 25 5
46 D 25 3
46 A 26 4
46 B 26 5
46 C 26 3
46 D 26 2
46 A 27 2
46 B 27 4
46 C 27 3
46 D 27 5
46 A 28 2
46 B 28 3
46 C 28 5
46 D 28 4
46 A 29 3
46 B 29 2
46 C 29 4
46 D 29 5
46 A 30 4
46 B 30 5
46 C 30 3
46 D 30 2
46 A 31 2
46 B 31 5
46 C 31 3
46 D 31 4
46 A 32 4
46 B 32 5
46 C 32 3
46 D 32 2
46 A 33 2
46 B 33 4
46 C 33 3
46 D 33 5
46 A 34 2
46 B 34 4
46 C 34 3
46 D 34 5
46 A 35 2
46 B 35 4
46 C 35 5
46 D 35 3
46 A 36 2
46 B 36 5
46 C 36 3
46 D 36 4
46 A 37 4
46 B 37 3
46 C 37 5
46 D 37 2
46 A 38 5
46 B 38 4
46 C 38 2
46 D 38 3
46 A 39 3
46 B 39 4
46 C 39 2
46 D 39 5
46 A 40 4
46 B 40 2
46 C 40 3
46 D 40 5
46 A 41 5
46 B 41 4
46 C 41 2
46 D 41 3
46 A 42 2
46 B 42 4
46 C 42 5
46 D 42 3
46 A 43 2
46 B 43 4
46 C 43 5
46 D 43 3
46 A 44 4
46 B 44 5
46 C 44 2
46 D 44 3
46 A 45 2
46 B 45 4
46 C 45 5
46 D 45 3
46 A 46 4
46 B 46 3
46 C 46 5
46 D 46 2
46 A 47 4
46 B 47 1
46 C 47 3
46 D 47 5
46 A 48 5
46 B 48 3
46 C 48 2
46 D 48 4
46 A 49 3
46 B 49 2
46 C 49 4
46 D 49 5
46 A 50 4
46 B 50 5
46 C 50 3
46 D 50 2
47 A 1 3
47 B 1 4
47 C 1 5
47 D 1 2
47 A 2 2
47 B 2 3
47 C 2 4
47 D 2 5
47 A 3 2
47 B 3 3
47 C 3 4
47 D 3 5
47 A 4 5
47 B 4 2
47 C 4 4
47 D 4 3
47 A 5 4
47 B 5 2
47 C 5 3
47 D 5 5
47 A 6 3
47 B 6 4
47 C 6 2
47 D 6 5
47 A 7 2
47 B 7 4
47 C 7 5
47 D 7 3
47 A 8 3
47 B 8 4
47 C 8 2
47 D 8 5
47 A 9 5
47 B 9 3
47 C 9 2
47 D 9 4
47 A 10 2
47 B 10 3
47 C 10 5
47 D 10 4
47 A 11 5
47 B 11 3
47 C 11 4
47 D 11 2
47 A 12 5
47 B 12 3
47 C 12 2
47 D 12 4
47 A 13 4
47 B 13 3
47 C 13 5
47 D 13 2
47 A 14 2
47 B 14 4
47 C 14 3
47 D 14 5
47 A 15 5
47 B 15 2
47 C 15 3
47 D 15 4
47 A 16 5
47 B 16 3
47 C 16 2
47 D 16 4
47 A 17 5
47 B 17 3
47 C 17 4
47 D 17 2
47 A 18 3
47 B 18 2
47 C 18 4
47 D 18 5
47 A 19 3
47 B 19 5
47 C 19 4
47 D 19 2
47 A 20 2
47 B 20 5
47 C 20 4
47 D 20 3
47 A 21 4
47 B 21 5
47 C 21 3
47 D 21 2
47 A 22 5
47 B 22 4
47 C 22 2
47 D 22 3
47 A 23 2
47 B 23 3
47 C 23 5
47 D 23 4
47 A 24 5
47 B 24 3
47 C 24 4
47 D 24 2
47 A 25 5
47 B 25 2
47 C 25 4
47 D 25 3
47 A 26 5
47 B 26 2
47 C 26 4
47 D 26 3
47 A 27 5
47 B 27 2
47 C 27 4
47 D 27 3
47 A 28 4
47 B 28 3
47 C 28 5
47 D 28 2
47 A 29 3
47 B 29 5
47 C 29 4
47 D 29 2
47 A 30 5
47 B 30 4
47 C 30 3
47 D 30 2
47 A 31 4
47 B 31 2
47 C 31 3
47 D 31 5
47 A 32 4
47 B 32 2
47 C 32 3
47 D 32 5
47 A 33 3
47 B 33 2
47 C 33 4
47 D 33 5
47 A 34 4
47 B 34 5
47 C 34 2
47 D 34 3
47 A 35 2
47 B 35 4
47 C 35 3
47 D 35 5
47 A 36 4
47 B 36 5
47 C 36 2
47 D 36 3
47 A 37 5
47 B 37 4
47 C 37 2
47 D 37 3
47 A 38 4
47 B 38 2
47 C 38 5
47 D 38 3
47 A 39 2
47 B 39 5
47 C 39 4
47 D 39 3
47 A 40 3
47 B 40 2
47 C 40 4
47 D 40 5
47 A 41 3
47 B 41 2
47 C 41 4
47 D 41 5
47 A 42 3
47 B 42 4
47 C 42 2
47 D 42 5
47 A 43 4
47 B 43 5
47 C 43 3
47 D 43 2
47 A 44 5
47 B 44 4
47 C 44 3
47 D 44 2
47 A 45 5
47 B 45 3
47 C 45 4
47 D 45 2
47 A 46 5
47 B 46 2
47 C 46 4
47 D 46 3
47 A 47 3
47 B 47 2
47 C 47 5
47 D 47 4
47 A 48 5
47 B 48 3
47 C 48 4
47 D 48 1
47 A 49 5
47 B 49 2
47 C 49 4
47 D 49 3
47 A 50 3
47 B 50 5
47 C 50 2
47 D 50 4
48 A 1 5
48 B 1 2
48 C 1 3
48 D 1 4
48 A 2 5
48 B 2 4
48 C 2 2
48 D 2 3
48 A 3 3
48 B 3 4
48 C 3 5
48 D 3 2
48 A 4 3
48 B 4 2
48 C 4 5
48 D 4 4
48 A 5 5
48 B 5 2
48 C 5 4
48 D 5 3
48 A 6 2
48 B 6 4
48 C 6 5
48 D 6 3
48 A 7 5
48 B 7 2
48 C 7 3
48 D 7 4
48 A 8 5
48 B 8 3
48 C 8 4
48 D 8 2
48 A 9 2
48 B 9 4
48 C 9 5
48 D 9 3
48 A 10 3
48 B 10 4
48 C 10 2
48 D 10 5
48 A 11 2
48 B 11 5
48 C 11 3
48 D 11 4
48 A 12 3
48 B 12 4
48 C 12 5
48 D 12 2
48 A 13 3
48 B 13 4
48 C 13 5
48 D 13 2
48 A 14 4
48 B 14 5
48 C 14 3
48 D 14 2
48 A 15 2
48 B 15 4
48 C 15 3
48 D 15 5
48 A 16 4
48 B 16 2
48 C 16 5
48 D 16 3
48 A 17 4
48 B 17 3
48 C 17 2
48 D 17 5
48 A 18 5
48 B 18 4
48 C 18 2
48 D 18 3
48 A 19 2
48 B 19 4
48 C 19 5
48 D 19 3
48 A 20 3
48 B 20 4
48 C 20 5
48 D 20 2
48 A 21 2
48 B 21 3
48 C 21 5
48 D 21 4
48 A 22 3
48 B 22 2
48 C 22 4
48 D 22 5
48 A 23 3
48 B 23 4
48 C 23 2
48 D 23 5
48 A 24 4
48 B 24 5
48 C 24 3
48 D 24 2
48 A 25 5
48 B 25 2
48 C 25 4
48 D 25 3
48 A 26 5
48 B 26 2
48 C 26 3
48 D 26 4
48 A 27 5
48 B 27 2
48 C 27 4
48 D 27 3
48 A 28 4
48 B 28 2
48 C 28 5
48 D 28 3
48 A 29 4
48 B 29 2
48 C 29 5
48 D 29 3
48 A 30 5
48 B 30 3
48 C 30 2
48 D 30 4
48 A 31 4
48 B 31 5
48 C 31 3
48 D 31 2
48 A 32 2
48 B 32 5
48 C 32 3
48 D 32 4
48 A 33 5
48 B 33 3
48 C 33 4
48 D 33 2
48 A 34 3
48 B 34 2
48 C 34 5
48 D 34 4
48 A 35 4
48 B 35 5
48 C 35 3
48 D 35 2
48 A 36 3
48 B 36 2
48 C 36 5
48 D 36 4
48 A 37 2
48 B 37 4
48 C 37 5
48 D 37 3
48 A 38 5
48 B 38 3
48 C 38 2
48 D 38 4
48 A 39 4
48 B 39 5
48 C 39 3
48 D 39 2
48 A 40 3
48 B 40 2
48 C 40 4
48 D 40 5
48 A 41 2
48 B 41 5
48 C 41 3
48 D 41 4
48 A 42 3
48 B 42 5
48 C 42 2
48 D 42 4
48 A 43 2
48 B 43 3
48 C 43 4
48 D 43 5
48 A 44 5
48 B 44 2
48 C 44 3
48 D 44 4
48 A 45 4
48 B 45 3
48 C 45 2
48 D 45 5
48 A 46 3
48 B 46 5
48 C 46 2
48 D 46 4
48 A 47 3
48 B 47 5
48 C 47 4
48 D 47 2
48 A 48 4
48 B 48 5
48 C 48 3
48 D 48 2
48 A 49 2
48 B 49 3
48 C 49 5
48 D 49 1
48 A 50 5
48 B 50 3
48 C 50 2
48 D 50 4
49 A 1 2
49 B 1 3
49 C 1 5
49 D 1 4
49 A 2 5
49 B 2 3
49 C 2 4
49 D 2 2
49 A 3 4
49 B 3 5
49 C 3 2
49 D 3 3
49 A 4 5
49 B 4 3
49 C 4 4
49 D 4 2
49 A 5 4
49 B 5 2
49 C 5 5
49 D 5 3
49 A 6 5
49 B 6 2
49 C 6 4
49 D 6 3
49 A 7 4
49 B 7 5
49 C 7 3
49 D 7 2
49 A 8 2
49 B 8 5
49 C 8 3
49 D 8 4
49 A 9 3
49 B 9 5
49 C 9 2
49 D 9 4
49 A 10 2
49 B 10 5
49 C 10 3
49 D 10 4
49 A 11 3
49 B 11 4
49 C 11 2
49 D 11 5
49 A 12 4
49 B 12 5
49 C 12 2
49 D 12 3
49 A 13 2
49 B 13 3
49 C 13 4
49 D 13 5
49 A 14 5
49 B 14 4
49 C 14 2
49 D 14 3
49 A 15 4
49 B 15 2
49 C 15 3
49 D 15 5
49 A 16 2
49 B 16 3
49 C 16 4
49 D 16 5
49 A 17 5
49 B 17 4
49 C 17 3
49 D 17 2
49 A 18 5
49 B 18 2
49 C 18 4
49 D 18 3
49 A 19 5
49 B 19 2
49 C 19 4
49 D 19 3
49 A 20 3
49 B 20 5
49 C 20 2
49 D 20 4
49 A 21 2
49 B 21 3
49 C 21 5
49 D 21 4
49 A 22 2
49 B 22 4
49 C 22 3
49 D 22 5
49 A 23 5
49 B 23 3
49 C 23 2
49 D 23 4
49 A 24 2
49 B 24 4
49 C 24 5
49 D 24 3
49 A 25 4
49 B 25 5
49 C 25 3
49 D 25 2
49 A 26 2
49 B 26 4
49 C 26 5
49 D 26 3
49 A 27 5
49 B 27 2
49 C 27 4
49 D 27 3
49 A 28 4
49 B 28 3
49 C 28 2
49 D 28 5
49 A 29 4
49 B 29 3
49 C 29 2
49 D 29 5
49 A 30 2
49 B 30 3
49 C 30 5
49 D 30 4
49 A 31 4
49 B 31 5
49 C 31 3
49 D 31 2
49 A 32 3
49 B 32 5
49 C 32 2
49 D 32 4
49 A 33 5
49 B 33 3
49 C 33 2
49 D 33 4
49 A 34 2
49 B 34 5
49 C 34 3
49 D 34 4
49 A 35 2
49 B 35 4
49 C 35 3
49 D 35 5
49 A 36 2
49 B 36 5
49 C 36 4
49 D 36 3
49 A 37 2
49 B 37 3
49 C 37 5
49 D 37 4
49 A 38 5
49 B 38 4
49 C 38 2
49 D 38 3
49 A 39 5
49 B 39 3
49 C 39 2
49 D 39 4
49 A 40 2
49 B 40 3
49 C 40 5
49 D 40 4
49 A 41 4
49 B 41 2
49 C 41 3
49 D 41 5
49 A 42 3
49 B 42 2
49 C 42 5
49 D 42 4
49 A 43 2
49 B 43 3
49 C 43 4
49 D 43 5
49 A 44 5
49 B 44 2
49 C 44 4
49 D 44 3
49 A 45 5
49 B 45 4
49 C 45 3
49 D 45 2
49 A 46 2
49 B 46 5
49 C 46 4
49 D 46 3
49 A 47 2
49 B 47 4
49 C 47 5
49 D 47 3
49 A 48 5
49 B 48 4
49 C 48 2
49 D 48 3
49 A 49 3
49 B 49 4
49 C 49 2
49 D 49 5
49 A 50 5
49 B 50 1
49 C 50 2
49 D 50 4
50 A 1 1
50 B 1 3
50 C 1 4
50 D 1 2
50 A 2 3
50 B 2 5
50 C 2 2
50 D 2 4
50 A 3 5
50 B 3 3
50 C 3 4
50 D 3 2
50 A 4 2
50 B 4 4
50 C 4 5
50 D 4 3
50 A 5 4
50 B 5 3
50 C 5 2
50 D 5 5
50 A 6 5
50 B 6 3
50 C 6 4
50 D 6 2
50 A 7 3
50 B 7 4
50 C 7 2
50 D 7 5
50 A 8 3
50 B 8 2
50 C 8 5
50 D 8 4
50 A 9 4
50 B 9 5
50 C 9 2
50 D 9 3
50 A 10 2
50 B 10 5
50 C 10 4
50 D 10 3
50 A 11 3
50 B 11 2
50 C 11 4
50 D 11 5
50 A 12 5
50 B 12 3
50 C 12 2
50 D 12 4
50 A 13 3
50 B 13 2
50 C 13 5
50 D 13 4
50 A 14 5
50 B 14 3
50 C 14 4
50 D 14 2
50 A 15 4
50 B 15 3
50 C 15 5
50 D 15 2
50 A 16 5
50 B 16 3
50 C 16 2
50 D 16 4
50 A 17 4
50 B 17 3
50 C 17 5
50 D 17 2
50 A 18 4
50 B 18 3
50 C 18 2
50 D 18 5
50 A 19 5
50 B 19 3
50 C 19 4
50 D 19 2
50 A 20 3
50 B 20 2
50 C 20 5
50 D 20 4
50 A 21 4
50 B 21 3
50 C 21 5
50 D 21 2
50 A 22 3
50 B 22 2
50 C 22 4
50 D 22 5
50 A 23 3
50 B 23 4
50 C 23 2
50 D 23 5
50 A 24 4
50 B 24 3
50 C 24 2
50 D 24 5
50 A 25 2
50 B 25 3
50 C 25 5
50 D 25 4
50 A 26 4
50 B 26 5
50 C 26 2
50 D 26 3
50 A 27 2
50 B 27 3
50 C 27 4
50 D 27 5
50 A 28 3
50 B 28 2
50 C 28 5
50 D 28 4
50 A 29 4
50 B 29 3
50 C 29 5
50 D 29 2
50 A 30 3
50 B 30 5
50 C 30 2
50 D 30 4
50 A 31 3
50 B 31 2
50 C 31 4
50 D 31 5
50 A 32 2
50 B 32 4
50 C 32 5
50 D 32 3
50 A 33 5
50 B 33 2
50 C 33 3
50 D 33 4
50 A 34 2
50 B 34 3
50 C 34 5
50 D 34 4
50 A 35 5
50 B 35 4
50 C 35 3
50 D 35 2
50 A 36 5
50 B 36 3
50 C 36 2
50 D 36 4
50 A 37 3
50 B 37 2
50 C 37 4
50 D 37 5
50 A 38 2
50 B 38 5
50 C 38 3
50 D 38 4
50 A 39 3
50 B 39 5
50 C 39 4
50 D 39 2
50 A 40 5
50 B 40 4
50 C 40 3
50 D 40 2
50 A 41 5
50 B 41 4
50 C 41 3
50 D 41 2
50 A 42 4
50 B 42 5
50 C 42 2
50 D 42 3
50 A 43 3
50 B 43 4
50 C 43 5
50 D 43 2
50 A 44 5
50 B 44 3
50 C 44 4
50 D 44 2
50 A 45 4
50 B 45 2
50 C 45 5
50 D 45 3
50 A 46 4
50 B 46 5
50 C 46 3
50 D 46 2
50 A 47 4
50 B 47 2
50 C 47 3
50 D 47 5
50 A 48 4
50 B 48 3
50 C 48 2
50 D 48 5
50 A 49 4
50 B 49 2
50 C 49 5
50 D 49 3
50 A 50 2
50 B 50 5
50 C 50 3
50 D 50 4
