1 A 1 1
1 A 2 1
1 A 3 1
1 A 4 1
1 A 5 1
1 A 6 1
1 A 7 1
1 A 8 1
1 A 9 1
1 A 10 1
1 A 11 1
1 A 12 1
1 A 13 1
1 A 14 1
1 A 15 1
1 A 16 1
1 A 17 1
1 A 18 1
1 A 19 1
1 A 20 1
1 A 21 1
1 A 22 1
1 A 23 1
1 A 24 1
1 A 25 1
1 A 26 1
1 A 27 1
1 A 28 1
1 A 29 1
1 A 30 1
1 A 31 1
1 A 32 1
1 A 33 1
1 A 34 1
1 A 35 1
1 A 36 1
1 A 37 1
1 A 38 1
1 A 39 1
1 A 40 1
1 A 41 1
1 A 42 1
1 A 43 1
1 A 44 1
1 A 45 1
1 A 46 1
1 A 47 1
1 A 48 1
1 A 49 1
1 A 50 1
1 B 1 2
1 B 2 2
1 B 3 2
1 B 4 2
1 B 5 2
1 B 6 2
1 B 7 2
1 B 8 2
1 B 9 2
1 B 10 2
1 B 11 2
1 B 12 2
1 B 13 2
1 B 14 2
1 B 15 2
1 B 16 2
1 B 17 2
1 B 18 2
1 B 19 2
1 B 20 2
1 B 21 2
1 B 22 2
1 B 23 2
1 B 24 2
1 B 25 2
1 B 26 2
1 B 27 2
1 B 28 2
1 B 29 2
1 B 30 2
1 B 31 2
1 B 32 2
1 B 33 2
1 B 34 2
1 B 35 2
1 B 36 2
1 B 37 2
1 B 38 2
1 B 39 2
1 B 40 2
1 B 41 2
1 B 42 2
1 B 43 2
1 B 44 2
1 B 45 2
1 B 46 2
1 B 47 2
1 B 48 2
1 B 49 2
1 B 50 2
2 A 1 1
2 A 2 1
2 A 3 1
2 A 4 1
2 A 5 1
2 A 6 1
2 A 7 1
2 A 8 1
2 A 9 1
2 A 10 1
2 A 11 1
2 A 12 1
2 A 13 1
2 A 14 1
2 A 15 1
2 A 16 1
2 A 17 1
2 A 18 1
2 A 19 1
2 A 20 1
2 A 21 1
2 A 22 1
2 A 23 1
2 A 24 1
2 A 25 1
2 A 26 1
2 A 27 1
2 A 28 1
2 A 29 1
2 A 30 1
2 A 31 1
2 A 32 1
2 A 33 1
2 A 34 1
2 A 35 1
2 A 36 1
2 A 37 1
2 A 38 1
2 A 39 1
2 A 40 1
2 A 41 1
2 A 42 1
2 A 43 1
2 A 44 1
2 A 45 1
2 A 46 1
2 A 47 1
2 A 48 1
2 A 49 1
2 A 50 1
2 B 1 2
2 B 2 2
2 B 3 2
2 B 4 2
2 B 5 2
2 B 6 2
2 B 7 2
2 B 8 2
2 B 9 2
2 B 10 2
2 B 11 2
2 B 12 2
2 B 13 2
2 B 14 2
2 B 15 2
2 B 16 2
2 B 17 2
2 B 18 2
2 B 19 2
2 B 20 2
2 B 21 2
2 B 22 2
2 B 23 2
2 B 24 2
2 B 25 2
2 B 26 2
2 B 27 2
2 B 28 2
2 B 29 2
2 B 30 2
2 B 31 2
2 B 32 2
2 B 33 2
2 B 34 2
2 B 35 2
2 B 36 2
2 B 37 2
2 B 38 2
2 B 39 2
2 B 40 2
2 B 41 2
2 B 42 2
2 B 43 2
2 B 44 2
2 B 45 2
2 B 46 2
2 B 47 2
2 B 48 2
2 B 49 2
2 B 50 2
3 A 1 1
3 A 2 1
3 A 3 1
3 A 4 1
3 A 5 1
3 A 6 1
3 A 7 1
3 A 8 1
3 A 9 1
3 A 10 1
3 A 11 1
3 A 12 1
3 A 13 1
3 A 14 1
3 A 15 1
3 A 16 1
3 A 17 1
3 A 18 1
3 A 19 1
3 A 20 1
3 A 21 1
3 A 22 1
3 A 23 1
3 A 24 1
3 A 25 1
3 A 26 1
3 A 27 1
3 A 28 1
3 A 29 1
3 A 30 1
3 A 31 1
3 A 32 1
3 A 33 1
3 A 34 1
3 A 35 1
3 A 36 1
3 A 37 1
3 A 38 1
3 A 39 1
3 A 40 1
3 A 41 1
3 A 42 1
3 A 43 1
3 A 44 1
3 A 45 1
3 A 46 1
3 A 47 1
3 A 48 1
3 A 49 1
3 A 50 1
3 B 1 2
3 B 2 2
3 B 3 2
3 B 4 2
3 B 5 2
3 B 6 2
3 B 7 2
3 B 8 2
3 B 9 2
3 B 10 2
3 B 11 2
3 B 12 2
3 B 13 2
3 B 14 2
3 B 15 2
3 B 16 2
3 B 17 2
3 B 18 2
3 B 19 2
3 B 20 2
3 B 21 2
3 B 22 2
3 B 23 2
3 B 24 2
3 B 25 2
3 B 26 2
3 B 27 2
3 B 28 2
3 B 29 2
3 B 30 2
3 B 31 2
3 B 32 2
3 B 33 2
3 B 34 2
3 B 35 2
3 B 36 2
3 B 37 2
3 B 38 2
3 B 39 2
3 B 40 2
3 B 41 2
3 B 42 2
3 B 43 2
3 B 44 2
3 B 45 2
3 B 46 2
3 B 47 2
3 B 48 2
3 B 49 2
3 B 50 2
4 A 1 1
4 A 2 1
4 A 3 1
4 A 4 1
4 A 5 1
4 A 6 1
4 A 7 1
4 A 8 1
4 A 9 1
4 A 10 1
4 A 11 1
4 A 12 1
4 A 13 1
4 A 14 1
4 A 15 1
4 A 16 1
4 A 17 1
4 A 18 1
4 A 19 1
4 A 20 1
4 A 21 1
4 A 22 1
4 A 23 1
4 A 24 1
4 A 25 1
4 A 26 1
4 A 27 1
4 A 28 1
4 A 29 1
4 A 30 1
4 A 31 1
4 A 32 1
4 A 33 1
4 A 34 1
4 A 35 1
4 A 36 1
4 A 37 1
4 A 38 1
4 A 39 1
4 A 40 1
4 A 41 1
4 A 42 1
4 A 43 1
4 A 44 1
4 A 45 1
4 A 46 1
4 A 47 1
4 A 48 1
4 A 49 1
4 A 50 1
4 B 1 2
4 B 2 2
4 B 3 2
4 B 4 2
4 B 5 2
4 B 6 2
4 B 7 2
4 B 8 2
4 B 9 2
4 B 10 2
4 B 11 2
4 B 12 2
4 B 13 2
4 B 14 2
4 B 15 2
4 B 16 2
4 B 17 2
4 B 18 2
4 B 19 2
4 B 20 2
4 B 21 2
4 B 22 2
4 B 23 2
4 B 24 2
4 B 25 2
4 B 26 2
4 B 27 2
4 B 28 2
4 B 29 2
4 B 30 2
4 B 31 2
4 B 32 2
4 B 33 2
4 B 34 2
4 B 35 2
4 B 36 2
4 B 37 2
4 B 38 2
4 B 39 2
4 B 40 2
4 B 41 2
4 B 42 2
4 B 43 2
4 B 44 2
4 B 45 2
4 B 46 2
4 B 47 2
4 B 48 2
4 B 49 2
4 B 50 2
5 A 1 1
5 A 2 1
5 A 3 1
5 A 4 1
5 A 5 1
5 A 6 1
5 A 7 1
5 A 8 1
5 A 9 1
5 A 10 1
5 A 11 1
5 A 12 1
5 A 13 1
5 A 14 1
5 A 15 1
5 A 16 1
5 A 17 1
5 A 18 1
5 A 19 1
5 A 20 1
5 A 21 1
5 A 22 1
5 A 23 1
5 A 24 1
5 A 25 1
5 A 26 1
5 A 27 1
5 A 28 1
5 A 29 1
5 A 30 1
5 A 31 1
5 A 32 1
5 A 33 1
5 A 34 1
5 A 35 1
5 A 36 1
5 A 37 1
5 A 38 1
5 A 39 1
5 A 40 1
5 A 41 1
5 A 42 1
5 A 43 1
5 A 44 1
5 A 45 1
5 A 46 1
5 A 47 1
5 A 48 1
5 A 49 1
5 A 50 1
5 B 1 2
5 B 2 2
5 B 3 2
5 B 4 2
5 B 5 2
5 B 6 2
5 B 7 2
5 B 8 2
5 B 9 2
5 B 10 2
5 B 11 2
5 B 12 2
5 B 13 2
5 B 14 2
5 B 15 2
5 B 16 2
5 B 17 2
5 B 18 2
5 B 19 2
5 B 20 2
5 B 21 2
5 B 22 2
5 B 23 2
5 B 24 2
5 B 25 2
5 B 26 2
5 B 27 2
5 B 28 2
5 B 29 2
5 B 30 2
5 B 31 2
5 B 32 2
5 B 33 2
5 B 34 2
5 B 35 2
5 B 36 2
5 B 37 2
5 B 38 2
5 B 39 2
5 B 40 2
5 B 41 2
5 B 42 2
5 B 43 2
5 B 44 2
5 B 45 2
5 B 46 2
5 B 47 2
5 B 48 2
5 B 49 2
5 B 50 2
6 A 1 1
6 A 2 1
6 A 3 1
6 A 4 1
6 A 5 1
6 A 6 1
6 A 7 1
6 A 8 1
6 A 9 1
6 A 10 1
6 A 11 1
6 A 12 1
6 A 13 1
6 A 14 1
6 A 15 1
6 A 16 1
6 A 17 1
6 A 18 1
6 A 19 1
6 A 20 1
6 A 21 1
6 A 22 1
6 A 23 1
6 A 24 1
6 A 25 1
6 A 26 1
6 A 27 1
6 A 28 1
6 A 29 1
6 A 30 1
6 A 31 1
6 A 32 1
6 A 33 1
6 A 34 1
6 A 35 1
6 A 36 1
6 A 37 1
6 A 38 1
6 A 39 1
6 A 40 1
6 A 41 1
6 A 42 1
6 A 43 1
6 A 44 1
6 A 45 1
6 A 46 1
6 A 47 1
6 A 48 1
6 A 49 1
6 A 50 1
6 B 1 2
6 B 2 2
6 B 3 2
6 B 4 2
6 B 5 2
6 B 6 2
6 B 7 2
6 B 8 2
6 B 9 2
6 B 10 2
6 B 11 2
6 B 12 2
6 B 13 2
6 B 14 2
6 B 15 2
6 B 16 2
6 B 17 2
6 B 18 2
6 B 19 2
6 B 20 2
6 B 21 2
6 B 22 2
6 B 23 2
6 B 24 2
6 B 25 2
6 B 26 2
6 B 27 2
6 B 28 2
6 B 29 2
6 B 30 2
6 B 31 2
6 B 32 2
6 B 33 2
6 B 34 2
6 B 35 2
6 B 36 2
6 B 37 2
6 B 38 2
6 B 39 2
6 B 40 2
6 B 41 2
6 B 42 2
6 B 43 2
6 B 44 2
6 B 45 2
6 B 46 2
6 B 47 2
6 B 48 2
6 B 49 2
6 B 50 2
7 A 1 1
7 A 2 1
7 A 3 1
7 A 4 1
7 A 5 1
7 A 6 1
7 A 7 1
7 A 8 1
7 A 9 1
7 A 10 1
7 A 11 1
7 A 12 1
7 A 13 1
7 A 14 1
7 A 15 1
7 A 16 1
7 A 17 1
7 A 18 1
7 A 19 1
7 A 20 1
7 A 21 1
7 A 22 1
7 A 23 1
7 A 24 1
7 A 25 1
7 A 26 1
7 A 27 1
7 A 28 1
7 A 29 1
7 A 30 1
7 A 31 1
7 A 32 1
7 A 33 1
7 A 34 1
7 A 35 1
7 A 36 1
7 A 37 1
7 A 38 1
7 A 39 1
7 A 40 1
7 A 41 1
7 A 42 1
7 A 43 1
7 A 44 1
7 A 45 1
7 A 46 1
7 A 47 1
7 A 48 1
7 A 49 1
7 A 50 1
7 B 1 2
7 B 2 2
7 B 3 2
7 B 4 2
7 B 5 2
7 B 6 2
7 B 7 2
7 B 8 2
7 B 9 2
7 B 10 2
7 B 11 2
7 B 12 2
7 B 13 2
7 B 14 2
7 B 15 2
7 B 16 2
7 B 17 2
7 B 18 2
7 B 19 2
7 B 20 2
7 B 21 2
7 B 22 2
7 B 23 2
7 B 24 2
7 B 25 2
7 B 26 2
7 B 27 2
7 B 28 2
7 B 29 2
7 B 30 2
7 B 31 2
7 B 32 2
7 B 33 2
7 B 34 2
7 B 35 2
7 B 36 2
7 B 37 2
7 B 38 2
7 B 39 2
7 B 40 2
7 B 41 2
7 B 42 2
7 B 43 2
7 B 44 2
7 B 45 2
7 B 46 2
7 B 47 2
7 B 48 2
7 B 49 2
7 B 50 2
8 A 1 1
8 A 2 1
8 A 3 1
8 A 4 1
8 A 5 1
8 A 6 1
8 A 7 1
8 A 8 1
8 A 9 1
8 A 10 1
8 A 11 1
8 A 12 1
8 A 13 1
8 A 14 1
8 A 15 1
8 A 16 1
8 A 17 1
8 A 18 1
8 A 19 1
8 A 20 1
8 A 21 1
8 A 22 1
8 A 23 1
8 A 24 1
8 A 25 1
8 A 26 1
8 A 27 1
8 A 28 1
8 A 29 1
8 A 30 1
8 A 31 1
8 A 32 1
8 A 33 1
8 A 34 1
8 A 35 1
8 A 36 1
8 A 37 1
8 A 38 1
8 A 39 1
8 A 40 1
8 A 41 1
8 A 42 1
8 A 43 1
8 A 44 1
8 A 45 1
8 A 46 1
8 A 47 1
8 A 48 1
8 A 49 1
8 A 50 1
8 B 1 2
8 B 2 2
8 B 3 2
8 B 4 2
8 B 5 2
8 B 6 2
8 B 7 2
8 B 8 2
8 B 9 2
8 B 10 2
8 B 11 2
8 B 12 2
8 B 13 2
8 B 14 2
8 B 15 2
8 B 16 2
8 B 17 2
8 B 18 2
8 B 19 2
8 B 20 2
8 B 21 2
8 B 22 2
8 B 23 2
8 B 24 2
8 B 25 2
8 B 26 2
8 B 27 2
8 B 28 2
8 B 29 2
8 B 30 2
8 B 31 2
8 B 32 2
8 B 33 2
8 B 34 2
8 B 35 2
8 B 36 2
8 B 37 2
8 B 38 2
8 B 39 2
8 B 40 2
8 B 41 2
8 B 42 2
8 B 43 2
8 B 44 2
8 B 45 2
8 B 46 2
8 B 47 2
8 B 48 2
8 B 49 2
8 B 50 2
9 A 1 1
9 A 2 1
9 A 3 1
9 A 4 1
9 A 5 1
9 A 6 1
9 A 7 1
9 A 8 1
9 A 9 1
9 A 10 1
9 A 11 1
9 A 12 1
9 A 13 1
9 A 14 1
9 A 15 1
9 A 16 1
9 A 17 1
9 A 18 1
9 A 19 1
9 A 20 1
9 A 21 1
9 A 22 1
9 A 23 1
9 A 24 1
9 A 25 1
9 A 26 1
9 A 27 1
9 A 28 1
9 A 29 1
9 A 30 1
9 A 31 1
9 A 32 1
9 A 33 1
9 A 34 1
9 A 35 1
9 A 36 1
9 A 37 1
9 A 38 1
9 A 39 1
9 A 40 1
9 A 41 1
9 A 42 1
9 A 43 1
9 A 44 1
9 A 45 1
9 A 46 1
9 A 47 1
9 A 48 1
9 A 49 1
9 A 50 1
9 B 1 2
9 B 2 2
9 B 3 2
9 B 4 2
9 B 5 2
9 B 6 2
9 B 7 2
9 B 8 2
9 B 9 2
9 B 10 2
9 B 11 2
9 B 12 2
9 B 13 2
9 B 14 2
9 B 15 2
9 B 16 2
9 B 17 2
9 B 18 2
9 B 19 2
9 B 20 2
9 B 21 2
9 B 22 2
9 B 23 2
9 B 24 2
9 B 25 2
9 B 26 2
9 B 27 2
9 B 28 2
9 B 29 2
9 B 30 2
9 B 31 2
9 B 32 2
9 B 33 2
9 B 34 2
9 B 35 2
9 B 36 2
9 B 37 2
9 B 38 2
9 B 39 2
9 B 40 2
9 B 41 2
9 B 42 2
9 B 43 2
9 B 44 2
9 B 45 2
9 B 46 2
9 B 47 2
9 B 48 2
9 B 49 2
9 B 50 2
10 A 1 1
10 A 2 1
10 A 3 1
10 A 4 1
10 A 5 1
10 A 6 1
10 A 7 1
10 A 8 1
10 A 9 1
10 A 10 1
10 A 11 1
10 A 12 1
10 A 13 1
10 A 14 1
10 A 15 1
10 A 16 1
10 A 17 1
10 A 18 1
10 A 19 1
10 A 20 1
10 A 21 1
10 A 22 1
10 A 23 1
10 A 24 1
10 A 25 1
10 A 26 1
10 A 27 1
10 A 28 1
10 A 29 1
10 A 30 1
10 A 31 1
10 A 32 1
10 A 33 1
10 A 34 1
10 A 35 1
10 A 36 1
10 A 37 1
10 A 38 1
10 A 39 1
10 A 40 1
10 A 41 1
10 A 42 1
10 A 43 1
10 A 44 1
10 A 45 1
10 A 46 1
10 A 47 1
10 A 48 1
10 A 49 1
10 A 50 1
10 B 1 2
10 B 2 2
10 B 3 2
10 B 4 2
10 B 5 2
10 B 6 2
10 B 7 2
10 B 8 2
10 B 9 2
10 B 10 2
10 B 11 2
10 B 12 2
10 B 13 2
10 B 14 2
10 B 15 2
10 B 16 2
10 B 17 2
10 B 18 2
10 B 19 2
10 B 20 2
10 B 21 2
10 B 22 2
10 B 23 2
10 B 24 2
10 B 25 2
10 B 26 2
10 B 27 2
10 B 28 2
10 B 29 2
10 B 30 2
10 B 31 2
10 B 32 2
10 B 33 2
10 B 34 2
10 B 35 2
10 B 36 2
10 B 37 2
10 B 38 2
10 B 39 2
10 B 40 2
10 B 41 2
10 B 42 2
10 B 43 2
10 B 44 2
10 B 45 2
10 B 46 2
10 B 47 2
10 B 48 2
10 B 49 2
10 B 50 2
11 A 1 1
11 A 2 1
11 A 3 1
11 A 4 1
11 A 5 1
11 A 6 1
11 A 7 1
11 A 8 1
11 A 9 1
11 A 10 1
11 A 11 1
11 A 12 1
11 A 13 1
11 A 14 1
11 A 15 1
11 A 16 1
11 A 17 1
11 A 18 1
11 A 19 1
11 A 20 1
11 A 21 1
11 A 22 1
11 A 23 1
11 A 24 1
11 A 25 1
11 A 26 1
11 A 27 1
11 A 28 1
11 A 29 1
11 A 30 1
11 A 31 1
11 A 32 1
11 A 33 1
11 A 34 1
11 A 35 1
11 A 36 1
11 A 37 1
11 A 38 1
11 A 39 1
11 A 40 1
11 A 41 1
11 A 42 1
11 A 43 1
11 A 44 1
11 A 45 1
11 A 46 1
11 A 47 1
11 A 48 1
11 A 49 1
11 A 50 1
11 B 1 2
11 B 2 2
11 B 3 2
11 B 4 2
11 B 5 2
11 B 6 2
11 B 7 2
11 B 8 2
11 B 9 2
11 B 10 2
11 B 11 2
11 B 12 2
11 B 13 2
11 B 14 2
11 B 15 2
11 B 16 2
11 B 17 2
11 B 18 2
11 B 19 2
11 B 20 2
11 B 21 2
11 B 22 2
11 B 23 2
11 B 24 2
11 B 25 2
11 B 26 2
11 B 27 2
11 B 28 2
11 B 29 2
11 B 30 2
11 B 31 2
11 B 32 2
11 B 33 2
11 B 34 2
11 B 35 2
11 B 36 2
11 B 37 2
11 B 38 2
11 B 39 2
11 B 40 2
11 B 41 2
11 B 42 2
11 B 43 2
11 B 44 2
11 B 45 2
11 B 46 2
11 B 47 2
11 B 48 2
11 B 49 2
11 B 50 2
12 A 1 1
12 A 2 1
12 A 3 1
12 A 4 1
12 A 5 1
12 A 6 1
12 A 7 1
12 A 8 1
12 A 9 1
12 A 10 1
12 A 11 1
12 A 12 1
12 A 13 1
12 A 14 1
12 A 15 1
12 A 16 1
12 A 17 1
12 A 18 1
12 A 19 1
12 A 20 1
12 A 21 1
12 A 22 1
12 A 23 1
12 A 24 1
12 A 25 1
12 A 26 1
12 A 27 1
12 A 28 1
12 A 29 1
12 A 30 1
12 A 31 1
12 A 32 1
12 A 33 1
12 A 34 1
12 A 35 1
12 A 36 1
12 A 37 1
12 A 38 1
12 A 39 1
12 A 40 1
12 A 41 1
12 A 42 1
12 A 43 1
12 A 44 1
12 A 45 1
12 A 46 1
12 A 47 1
12 A 48 1
12 A 49 1
12 A 50 1
12 B 1 2
12 B 2 2
12 B 3 2
12 B 4 2
12 B 5 2
12 B 6 2
12 B 7 2
12 B 8 2
12 B 9 2
12 B 10 2
12 B 11 2
12 B 12 2
12 B 13 2
12 B 14 2
12 B 15 2
12 B 16 2
12 B 17 2
12 B 18 2
12 B 19 2
12 B 20 2
12 B 21 2
12 B 22 2
12 B 23 2
12 B 24 2
12 B 25 2
12 B 26 2
12 B 27 2
12 B 28 2
12 B 29 2
12 B 30 2
12 B 31 2
12 B 32 2
12 B 33 2
12 B 34 2
12 B 35 2
12 B 36 2
12 B 37 2
12 B 38 2
12 B 39 2
12 B 40 2
12 B 41 2
12 B 42 2
12 B 43 2
12 B 44 2
12 B 45 2
12 B 46 2
12 B 47 2
12 B 48 2
12 B 49 2
12 B 50 2
13 A 1 1
13 A 2 1
13 A 3 1
13 A 4 1
13 A 5 1
13 A 6 1
13 A 7 1
13 A 8 1
13 A 9 1
13 A 10 1
13 A 11 1
13 A 12 1
13 A 13 1
13 A 14 1
13 A 15 1
13 A 16 1
13 A 17 1
13 A 18 1
13 A 19 1
13 A 20 1
13 A 21 1
13 A 22 1
13 A 23 1
13 A 24 1
13 A 25 1
13 A 26 1
13 A 27 1
13 A 28 1
13 A 29 1
13 A 30 1
13 A 31 1
13 A 32 1
13 A 33 1
13 A 34 1
13 A 35 1
13 A 36 1
13 A 37 1
13 A 38 1
13 A 39 1
13 A 40 1
13 A 41 1
13 A 42 1
13 A 43 1
13 A 44 1
13 A 45 1
13 A 46 1
13 A 47 1
13 A 48 1
13 A 49 1
13 A 50 1
13 B 1 2
13 B 2 2
13 B 3 2
13 B 4 2
13 B 5 2
13 B 6 2
13 B 7 2
13 B 8 2
13 B 9 2
13 B 10 2
13 B 11 2
13 B 12 2
13 B 13 2
13 B 14 2
13 B 15 2
13 B 16 2
13 B 17 2
13 B 18 2
13 B 19 2
13 B 20 2
13 B 21 2
13 B 22 2
13 B 23 2
13 B 24 2
13 B 25 2
13 B 26 2
13 B 27 2
13 B 28 2
13 B 29 2
13 B 30 2
13 B 31 2
13 B 32 2
13 B 33 2
13 B 34 2
13 B 35 2
13 B 36 2
13 B 37 2
13 B 38 2
13 B 39 2
13 B 40 2
13 B 41 2
13 B 42 2
13 B 43 2
13 B 44 2
13 B 45 2
13 B 46 2
13 B 47 2
13 B 48 2
13 B 49 2
13 B 50 2
14 A 1 1
14 A 2 1
14 A 3 1
14 A 4 1
14 A 5 1
14 A 6 1
14 A 7 1
14 A 8 1
14 A 9 1
14 A 10 1
14 A 11 1
14 A 12 1
14 A 13 1
14 A 14 1
14 A 15 1
14 A 16 1
14 A 17 1
14 A 18 1
14 A 19 1
14 A 20 1
14 A 21 1
14 A 22 1
14 A 23 1
14 A 24 1
14 A 25 1
14 A 26 1
14 A 27 1
14 A 28 1
14 A 29 1
14 A 30 1
14 A 31 1
14 A 32 1
14 A 33 1
14 A 34 1
14 A 35 1
14 A 36 1
14 A 37 1
14 A 38 1
14 A 39 1
14 A 40 1
14 A 41 1
14 A 42 1
14 A 43 1
14 A 44 1
14 A 45 1
14 A 46 1
14 A 47 1
14 A 48 1
14 A 49 1
14 A 50 1
14 B 1 2
14 B 2 2
14 B 3 2
14 B 4 2
14 B 5 2
14 B 6 2
14 B 7 2
14 B 8 2
14 B 9 2
14 B 10 2
14 B 11 2
14 B 12 2
14 B 13 2
14 B 14 2
14 B 15 2
14 B 16 2
14 B 17 2
14 B 18 2
14 B 19 2
14 B 20 2
14 B 21 2
14 B 22 2
14 B 23 2
14 B 24 2
14 B 25 2
14 B 26 2
14 B 27 2
14 B 28 2
14 B 29 2
14 B 30 2
14 B 31 2
14 B 32 2
14 B 33 2
14 B 34 2
14 B 35 2
14 B 36 2
14 B 37 2
14 B 38 2
14 B 39 2
14 B 40 2
14 B 41 2
14 B 42 2
14 B 43 2
14 B 44 2
14 B 45 2
14 B 46 2
14 B 47 2
14 B 48 2
14 B 49 2
14 B 50 2
15 A 1 1
15 A 2 1
15 A 3 1
15 A 4 1
15 A 5 1
15 A 6 1
15 A 7 1
15 A 8 1
15 A 9 1
15 A 10 1
15 A 11 1
15 A 12 1
15 A 13 1
15 A 14 1
15 A 15 1
15 A 16 1
15 A 17 1
15 A 18 1
15 A 19 1
15 A 20 1
15 A 21 1
15 A 22 1
15 A 23 1
15 A 24 1
15 A 25 1
15 A 26 1
15 A 27 1
15 A 28 1
15 A 29 1
15 A 30 1
15 A 31 1
15 A 32 1
15 A 33 1
15 A 34 1
15 A 35 1
15 A 36 1
15 A 37 1
15 A 38 1
15 A 39 1
15 A 40 1
15 A 41 1
15 A 42 1
15 A 43 1
15 A 44 1
15 A 45 1
15 A 46 1
15 A 47 1
15 A 48 1
15 A 49 1
15 A 50 1
15 B 1 2
15 B 2 2
15 B 3 2
15 B 4 2
15 B 5 2
15 B 6 2
15 B 7 2
15 B 8 2
15 B 9 2
15 B 10 2
15 B 11 2
15 B 12 2
15 B 13 2
15 B 14 2
15 B 15 2
15 B 16 2
15 B 17 2
15 B 18 2
15 B 19 2
15 B 20 2
15 B 21 2
15 B 22 2
15 B 23 2
15 B 24 2
15 B 25 2
15 B 26 2
15 B 27 2
15 B 28 2
15 B 29 2
15 B 30 2
15 B 31 2
15 B 32 2
15 B 33 2
15 B 34 2
15 B 35 2
15 B 36 2
15 B 37 2
15 B 38 2
15 B 39 2
15 B 40 2
15 B 41 2
15 B 42 2
15 B 43 2
15 B 44 2
15 B 45 2
15 B 46 2
15 B 47 2
15 B 48 2
15 B 49 2
15 B 50 2
16 A 1 1
16 A 2 1
16 A 3 1
16 A 4 1
16 A 5 1
16 A 6 1
16 A 7 1
16 A 8 1
16 A 9 1
16 A 10 1
16 A 11 1
16 A 12 1
16 A 13 1
16 A 14 1
16 A 15 1
16 A 16 1
16 A 17 1
16 A 18 1
16 A 19 1
16 A 20 1
16 A 21 1
16 A 22 1
16 A 23 1
16 A 24 1
16 A 25 1
16 A 26 1
16 A 27 1
16 A 28 1
16 A 29 1
16 A 30 1
16 A 31 1
16 A 32 1
16 A 33 1
16 A 34 1
16 A 35 1
16 A 36 1
16 A 37 1
16 A 38 1
16 A 39 1
16 A 40 1
16 A 41 1
16 A 42 1
16 A 43 1
16 A 44 1
16 A 45 1
16 A 46 1
16 A 47 1
16 A 48 1
16 A 49 1
16 A 50 1
16 B 1 2
16 B 2 2
16 B 3 2
16 B 4 2
16 B 5 2
16 B 6 2
16 B 7 2
16 B 8 2
16 B 9 2
16 B 10 2
16 B 11 2
16 B 12 2
16 B 13 2
16 B 14 2
16 B 15 2
16 B 16 2
16 B 17 2
16 B 18 2
16 B 19 2
16 B 20 2
16 B 21 2
16 B 22 2
16 B 23 2
16 B 24 2
16 B 25 2
16 B 26 2
16 B 27 2
16 B 28 2
16 B 29 2
16 B 30 2
16 B 31 2
16 B 32 2
16 B 33 2
16 B 34 2
16 B 35 2
16 B 36 2
16 B 37 2
16 B 38 2
16 B 39 2
16 B 40 2
16 B 41 2
16 B 42 2
16 B 43 2
16 B 44 2
16 B 45 2
16 B 46 2
16 B 47 2
16 B 48 2
16 B 49 2
16 B 50 2
17 A 1 1
17 A 2 1
17 A 3 1
17 A 4 1
17 A 5 1
17 A 6 1
17 A 7 1
17 A 8 1
17 A 9 1
17 A 10 1
17 A 11 1
17 A 12 1
17 A 13 1
17 A 14 1
17 A 15 1
17 A 16 1
17 A 17 1
17 A 18 1
17 A 19 1
17 A 20 1
17 A 21 1
17 A 22 1
17 A 23 1
17 A 24 1
17 A 25 1
17 A 26 1
17 A 27 1
17 A 28 1
17 A 29 1
17 A 30 1
17 A 31 1
17 A 32 1
17 A 33 1
17 A 34 1
17 A 35 1
17 A 36 1
17 A 37 1
17 A 38 1
17 A 39 1
17 A 40 1
17 A 41 1
17 A 42 1
17 A 43 1
17 A 44 1
17 A 45 1
17 A 46 1
17 A 47 1
17 A 48 1
17 A 49 1
17 A 50 1
17 B 1 2
17 B 2 2
17 B 3 2
17 B 4 2
17 B 5 2
17 B 6 2
17 B 7 2
17 B 8 2
17 B 9 2
17 B 10 2
17 B 11 2
17 B 12 2
17 B 13 2
17 B 14 2
17 B 15 2
17 B 16 2
17 B 17 2
17 B 18 2
17 B 19 2
17 B 20 2
17 B 21 2
17 B 22 2
17 B 23 2
17 B 24 2
17 B 25 2
17 B 26 2
17 B 27 2
17 B 28 2
17 B 29 2
17 B 30 2
17 B 31 2
17 B 32 2
17 B 33 2
17 B 34 2
17 B 35 2
17 B 36 2
17 B 37 2
17 B 38 2
17 B 39 2
17 B 40 2
17 B 41 2
17 B 42 2
17 B 43 2
17 B 44 2
17 B 45 2
17 B 46 2
17 B 47 2
17 B 48 2
17 B 49 2
17 B 50 2
18 A 1 1
18 A 2 1
18 A 3 1
18 A 4 1
18 A 5 1
18 A 6 1
18 A 7 1
18 A 8 1
18 A 9 1
18 A 10 1
18 A 11 1
18 A 12 1
18 A 13 1
18 A 14 1
18 A 15 1
18 A 16 1
18 A 17 1
18 A 18 1
18 A 19 1
18 A 20 1
18 A 21 1
18 A 22 1
18 A 23 1
18 A 24 1
18 A 25 1
18 A 26 1
18 A 27 1
18 A 28 1
18 A 29 1
18 A 30 1
18 A 31 1
18 A 32 1
18 A 33 1
18 A 34 1
18 A 35 1
18 A 36 1
18 A 37 1
18 A 38 1
18 A 39 1
18 A 40 1
18 A 41 1
18 A 42 1
18 A 43 1
18 A 44 1
18 A 45 1
18 A 46 1
18 A 47 1
18 A 48 1
18 A 49 1
18 A 50 1
18 B 1 2
18 B 2 2
18 B 3 2
18 B 4 2
18 B 5 2
18 B 6 2
18 B 7 2
18 B 8 2
18 B 9 2
18 B 10 2
18 B 11 2
18 B 12 2
18 B 13 2
18 B 14 2
18 B 15 2
18 B 16 2
18 B 17 2
18 B 18 2
18 B 19 2
18 B 20 2
18 B 21 2
18 B 22 2
18 B 23 2
18 B 24 2
18 B 25 2
18 B 26 2
18 B 27 2
18 B 28 2
18 B 29 2
18 B 30 2
18 B 31 2
18 B 32 2
18 B 33 2
18 B 34 2
18 B 35 2
18 B 36 2
18 B 37 2
18 B 38 2
18 B 39 2
18 B 40 2
18 B 41 2
18 B 42 2
18 B 43 2
18 B 44 2
18 B 45 2
18 B 46 2
18 B 47 2
18 B 48 2
18 B 49 2
18 B 50 2
19 A 1 1
19 A 2 1
19 A 3 1
19 A 4 1
19 A 5 1
19 A 6 1
19 A 7 1
19 A 8 1
19 A 9 1
19 A 10 1
19 A 11 1
19 A 12 1
19 A 13 1
19 A 14 1
19 A 15 1
19 A 16 1
19 A 17 1
19 A 18 1
19 A 19 1
19 A 20 1
19 A 21 1
19 A 22 1
19 A 23 1
19 A 24 1
19 A 25 1
19 A 26 1
19 A 27 1
19 A 28 1
19 A 29 1
19 A 30 1
19 A 31 1
19 A 32 1
19 A 33 1
19 A 34 1
19 A 35 1
19 A 36 1
19 A 37 1
19 A 38 1
19 A 39 1
19 A 40 1
19 A 41 1
19 A 42 1
19 A 43 1
19 A 44 1
19 A 45 1
19 A 46 1
19 A 47 1
19 A 48 1
19 A 49 1
19 A 50 1
19 B 1 2
19 B 2 2
19 B 3 2
19 B 4 2
19 B 5 2
19 B 6 2
19 B 7 2
19 B 8 2
19 B 9 2
19 B 10 2
19 B 11 2
19 B 12 2
19 B 13 2
19 B 14 2
19 B 15 2
19 B 16 2
19 B 17 2
19 B 18 2
19 B 19 2
19 B 20 2
19 B 21 2
19 B 22 2
19 B 23 2
19 B 24 2
19 B 25 2
19 B 26 2
19 B 27 2
19 B 28 2
19 B 29 2
19 B 30 2
19 B 31 2
19 B 32 2
19 B 33 2
19 B 34 2
19 B 35 2
19 B 36 2
19 B 37 2
19 B 38 2
19 B 39 2
19 B 40 2
19 B 41 2
19 B 42 2
19 B 43 2
19 B 44 2
19 B 45 2
19 B 46 2
19 B 47 2
19 B 48 2
19 B 49 2
19 B 50 2
20 A 1 1
20 A 2 1
20 A 3 1
20 A 4 1
20 A 5 1
20 A 6 1
20 A 7 1
20 A 8 1
20 A 9 1
20 A 10 1
20 A 11 1
20 A 12 1
20 A 13 1
20 A 14 1
20 A 15 1
20 A 16 1
20 A 17 1
20 A 18 1
20 A 19 1
20 A 20 1
20 A 21 1
20 A 22 1
20 A 23 1
20 A 24 1
20 A 25 1
20 A 26 1
20 A 27 1
20 A 28 1
20 A 29 1
20 A 30 1
20 A 31 1
20 A 32 1
20 A 33 1
20 A 34 1
20 A 35 1
20 A 36 1
20 A 37 1
20 A 38 1
20 A 39 1
20 A 40 1
20 A 41 1
20 A 42 1
20 A 43 1
20 A 44 1
20 A 45 1
20 A 46 1
20 A 47 1
20 A 48 1
20 A 49 1
20 A 50 1
20 B 1 2
20 B 2 2
20 B 3 2
20 B 4 2
20 B 5 2
20 B 6 2
20 B 7 2
20 B 8 2
20 B 9 2
20 B 10 2
20 B 11 2
20 B 12 2
20 B 13 2
20 B 14 2
20 B 15 2
20 B 16 2
20 B 17 2
20 B 18 2
20 B 19 2
20 B 20 2
20 B 21 2
20 B 22 2
20 B 23 2
20 B 24 2
20 B 25 2
20 B 26 2
20 B 27 2
20 B 28 2
20 B 29 2
20 B 30 2
20 B 31 2
20 B 32 2
20 B 33 2
20 B 34 2
20 B 35 2
20 B 36 2
20 B 37 2
20 B 38 2
20 B 39 2
20 B 40 2
20 B 41 2
20 B 42 2
20 B 43 2
20 B 44 2
20 B 45 2
20 B 46 2
20 B 47 2
20 B 48 2
20 B 49 2
20 B 50 2
21 A 1 1
21 A 2 1
21 A 3 1
21 A 4 1
21 A 5 1
21 A 6 1
21 A 7 1
21 A 8 1
21 A 9 1
21 A 10 1
21 A 11 1
21 A 12 1
21 A 13 1
21 A 14 1
21 A 15 1
21 A 16 1
21 A 17 1
21 A 18 1
21 A 19 1
21 A 20 1
21 A 21 1
21 A 22 1
21 A 23 1
21 A 24 1
21 A 25 1
21 A 26 1
21 A 27 1
21 A 28 1
21 A 29 1
21 A 30 1
21 A 31 1
21 A 32 1
21 A 33 1
21 A 34 1
21 A 35 1
21 A 36 1
21 A 37 1
21 A 38 1
21 A 39 1
21 A 40 1
21 A 41 1
21 A 42 1
21 A 43 1
21 A 44 1
21 A 45 1
21 A 46 1
21 A 47 1
21 A 48 1
21 A 49 1
21 A 50 1
21 B 1 2
21 B 2 2
21 B 3 2
21 B 4 2
21 B 5 2
21 B 6 2
21 B 7 2
21 B 8 2
21 B 9 2
21 B 10 2
21 B 11 2
21 B 12 2
21 B 13 2
21 B 14 2
21 B 15 2
21 B 16 2
21 B 17 2
21 B 18 2
21 B 19 2
21 B 20 2
21 B 21 2
21 B 22 2
21 B 23 2
21 B 24 2
21 B 25 2
21 B 26 2
21 B 27 2
21 B 28 2
21 B 29 2
21 B 30 2
21 B 31 2
21 B 32 2
21 B 33 2
21 B 34 2
21 B 35 2
21 B 36 2
21 B 37 2
21 B 38 2
21 B 39 2
21 B 40 2
21 B 41 2
21 B 42 2
21 B 43 2
21 B 44 2
21 B 45 2
21 B 46 2
21 B 47 2
21 B 48 2
21 B 49 2
21 B 50 2
22 A 1 1
22 A 2 1
22 A 3 1
22 A 4 1
22 A 5 1
22 A 6 1
22 A 7 1
22 A 8 1
22 A 9 1
22 A 10 1
22 A 11 1
22 A 12 1
22 A 13 1
22 A 14 1
22 A 15 1
22 A 16 1
22 A 17 1
22 A 18 1
22 A 19 1
22 A 20 1
22 A 21 1
22 A 22 1
22 A 23 1
22 A 24 1
22 A 25 1
22 A 26 1
22 A 27 1
22 A 28 1
22 A 29 1
22 A 30 1
22 A 31 1
22 A 32 1
22 A 33 1
22 A 34 1
22 A 35 1
22 A 36 1
22 A 37 1
22 A 38 1
22 A 39 1
22 A 40 1
22 A 41 1
22 A 42 1
22 A 43 1
22 A 44 1
22 A 45 1
22 A 46 1
22 A 47 1
22 A 48 1
22 A 49 1
22 A 50 1
22 B 1 2
22 B 2 2
22 B 3 2
22 B 4 2
22 B 5 2
22 B 6 2
22 B 7 2
22 B 8 2
22 B 9 2
22 B 10 2
22 B 11 2
22 B 12 2
22 B 13 2
22 B 14 2
22 B 15 2
22 B 16 2
22 B 17 2
22 B 18 2
22 B 19 2
22 B 20 2
22 B 21 2
22 B 22 2
22 B 23 2
22 B 24 2
22 B 25 2
22 B 26 2
22 B 27 2
22 B 28 2
22 B 29 2
22 B 30 2
22 B 31 2
22 B 32 2
22 B 33 2
22 B 34 2
22 B 35 2
22 B 36 2
22 B 37 2
22 B 38 2
22 B 39 2
22 B 40 2
22 B 41 2
22 B 42 2
22 B 43 2
22 B 44 2
22 B 45 2
22 B 46 2
22 B 47 2
22 B 48 2
22 B 49 2
22 B 50 2
23 A 1 1
23 A 2 1
23 A 3 1
23 A 4 1
23 A 5 1
23 A 6 1
23 A 7 1
23 A 8 1
23 A 9 1
23 A 10 1
23 A 11 1
23 A 12 1
23 A 13 1
23 A 14 1
23 A 15 1
23 A 16 1
23 A 17 1
23 A 18 1
23 A 19 1
23 A 20 1
23 A 21 1
23 A 22 1
23 A 23 1
23 A 24 1
23 A 25 1
23 A 26 1
23 A 27 1
23 A 28 1
23 A 29 1
23 A 30 1
23 A 31 1
23 A 32 1
23 A 33 1
23 A 34 1
23 A 35 1
23 A 36 1
23 A 37 1
23 A 38 1
23 A 39 1
23 A 40 1
23 A 41 1
23 A 42 1
23 A 43 1
23 A 44 1
23 A 45 1
23 A 46 1
23 A 47 1
23 A 48 1
23 A 49 1
23 A 50 1
23 B 1 2
23 B 2 2
23 B 3 2
23 B 4 2
23 B 5 2
23 B 6 2
23 B 7 2
23 B 8 2
23 B 9 2
23 B 10 2
23 B 11 2
23 B 12 2
23 B 13 2
23 B 14 2
23 B 15 2
23 B 16 2
23 B 17 2
23 B 18 2
23 B 19 2
23 B 20 2
23 B 21 2
23 B 22 2
23 B 23 2
23 B 24 2
23 B 25 2
23 B 26 2
23 B 27 2
23 B 28 2
23 B 29 2
23 B 30 2
23 B 31 2
23 B 32 2
23 B 33 2
23 B 34 2
23 B 35 2
23 B 36 2
23 B 37 2
23 B 38 2
23 B 39 2
23 B 40 2
23 B 41 2
23 B 42 2
23 B 43 2
23 B 44 2
23 B 45 2
23 B 46 2
23 B 47 2
23 B 48 2
23 B 49 2
23 B 50 2
24 A 1 1
24 A 2 1
24 A 3 1
24 A 4 1
24 A 5 1
24 A 6 1
24 A 7 1
24 A 8 1
24 A 9 1
24 A 10 1
24 A 11 1
24 A 12 1
24 A 13 1
24 A 14 1
24 A 15 1
24 A 16 1
24 A 17 1
24 A 18 1
24 A 19 1
24 A 20 1
24 A 21 1
24 A 22 1
24 A 23 1
24 A 24 1
24 A 25 1
24 A 26 1
24 A 27 1
24 A 28 1
24 A 29 1
24 A 30 1
24 A 31 1
24 A 32 1
24 A 33 1
24 A 34 1
24 A 35 1
24 A 36 1
24 A 37 1
24 A 38 1
24 A 39 1
24 A 40 1
24 A 41 1
24 A 42 1
24 A 43 1
24 A 44 1
24 A 45 1
24 A 46 1
24 A 47 1
24 A 48 1
24 A 49 1
24 A 50 1
24 B 1 2
24 B 2 2
24 B 3 2
24 B 4 2
24 B 5 2
24 B 6 2
24 B 7 2
24 B 8 2
24 B 9 2
24 B 10 2
24 B 11 2
24 B 12 2
24 B 13 2
24 B 14 2
24 B 15 2
24 B 16 2
24 B 17 2
24 B 18 2
24 B 19 2
24 B 20 2
24 B 21 2
24 B 22 2
24 B 23 2
24 B 24 2
24 B 25 2
24 B 26 2
24 B 27 2
24 B 28 2
24 B 29 2
24 B 30 2
24 B 31 2
24 B 32 2
24 B 33 2
24 B 34 2
24 B 35 2
24 B 36 2
24 B 37 2
24 B 38 2
24 B 39 2
24 B 40 2
24 B 41 2
24 B 42 2
24 B 43 2
24 B 44 2
24 B 45 2
24 B 46 2
24 B 47 2
24 B 48 2
24 B 49 2
24 B 50 2
25 A 1 1
25 A 2 1
25 A 3 1
25 A 4 1
25 A 5 1
25 A 6 1
25 A 7 1
25 A 8 1
25 A 9 1
25 A 10 1
25 A 11 1
25 A 12 1
25 A 13 1
25 A 14 1
25 A 15 1
25 A 16 1
25 A 17 1
25 A 18 1
25 A 19 1
25 A 20 1
25 A 21 1
25 A 22 1
25 A 23 1
25 A 24 1
25 A 25 1
25 A 26 1
25 A 27 1
25 A 28 1
25 A 29 1
25 A 30 1
25 A 31 1
25 A 32 1
25 A 33 1
25 A 34 1
25 A 35 1
25 A 36 1
25 A 37 1
25 A 38 1
25 A 39 1
25 A 40 1
25 A 41 1
25 A 42 1
25 A 43 1
25 A 44 1
25 A 45 1
25 A 46 1
25 A 47 1
25 A 48 1
25 A 49 1
25 A 50 1
25 B 1 2
25 B 2 2
25 B 3 2
25 B 4 2
25 B 5 2
25 B 6 2
25 B 7 2
25 B 8 2
25 B 9 2
25 B 10 2
25 B 11 2
25 B 12 2
25 B 13 2
25 B 14 2
25 B 15 2
25 B 16 2
25 B 17 2
25 B 18 2
25 B 19 2
25 B 20 2
25 B 21 2
25 B 22 2
25 B 23 2
25 B 24 2
25 B 25 2
25 B 26 2
25 B 27 2
25 B 28 2
25 B 29 2
25 B 30 2
25 B 31 2
25 B 32 2
25 B 33 2
25 B 34 2
25 B 35 2
25 B 36 2
25 B 37 2
25 B 38 2
25 B 39 2
25 B 40 2
25 B 41 2
25 B 42 2
25 B 43 2
25 B 44 2
25 B 45 2
25 B 46 2
25 B 47 2
25 B 48 2
25 B 49 2
25 B 50 2
26 A 1 1
26 A 2 1
26 A 3 1
26 A 4 1
26 A 5 1
26 A 6 1
26 A 7 1
26 A 8 1
26 A 9 1
26 A 10 1
26 A 11 1
26 A 12 1
26 A 13 1
26 A 14 1
26 A 15 1
26 A 16 1
26 A 17 1
26 A 18 1
26 A 19 1
26 A 20 1
26 A 21 1
26 A 22 1
26 A 23 1
26 A 24 1
26 A 25 1
26 A 26 1
26 A 27 1
26 A 28 1
26 A 29 1
26 A 30 1
26 A 31 1
26 A 32 1
26 A 33 1
26 A 34 1
26 A 35 1
26 A 36 1
26 A 37 1
26 A 38 1
26 A 39 1
26 A 40 1
26 A 41 1
26 A 42 1
26 A 43 1
26 A 44 1
26 A 45 1
26 A 46 1
26 A 47 1
26 A 48 1
26 A 49 1
26 A 50 1
26 B 1 2
26 B 2 2
26 B 3 2
26 B 4 2
26 B 5 2
26 B 6 2
26 B 7 2
26 B 8 2
26 B 9 2
26 B 10 2
26 B 11 2
26 B 12 2
26 B 13 2
26 B 14 2
26 B 15 2
26 B 16 2
26 B 17 2
26 B 18 2
26 B 19 2
26 B 20 2
26 B 21 2
26 B 22 2
26 B 23 2
26 B 24 2
26 B 25 2
26 B 26 2
26 B 27 2
26 B 28 2
26 B 29 2
26 B 30 2
26 B 31 2
26 B 32 2
26 B 33 2
26 B 34 2
26 B 35 2
26 B 36 2
26 B 37 2
26 B 38 2
26 B 39 2
26 B 40 2
26 B 41 2
26 B 42 2
26 B 43 2
26 B 44 2
26 B 45 2
26 B 46 2
26 B 47 2
26 B 48 2
26 B 49 2
26 B 50 2
27 A 1 1
27 A 2 1
27 A 3 1
27 A 4 1
27 A 5 1
27 A 6 1
27 A 7 1
27 A 8 1
27 A 9 1
27 A 10 1
27 A 11 1
27 A 12 1
27 A 13 1
27 A 14 1
27 A 15 1
27 A 16 1
27 A 17 1
27 A 18 1
27 A 19 1
27 A 20 1
27 A 21 1
27 A 22 1
27 A 23 1
27 A 24 1
27 A 25 1
27 A 26 1
27 A 27 1
27 A 28 1
27 A 29 1
27 A 30 1
27 A 31 1
27 A 32 1
27 A 33 1
27 A 34 1
27 A 35 1
27 A 36 1
27 A 37 1
27 A 38 1
27 A 39 1
27 A 40 1
27 A 41 1
27 A 42 1
27 A 43 1
27 A 44 1
27 A 45 1
27 A 46 1
27 A 47 1
27 A 48 1
27 A 49 1
27 A 50 1
27 B 1 2
27 B 2 2
27 B 3 2
27 B 4 2
27 B 5 2
27 B 6 2
27 B 7 2
27 B 8 2
27 B 9 2
27 B 10 2
27 B 11 2
27 B 12 2
27 B 13 2
27 B 14 2
27 B 15 2
27 B 16 2
27 B 17 2
27 B 18 2
27 B 19 2
27 B 20 2
27 B 21 2
27 B 22 2
27 B 23 2
27 B 24 2
27 B 25 2
27 B 26 2
27 B 27 2
27 B 28 2
27 B 29 2
27 B 30 2
27 B 31 2
27 B 32 2
27 B 33 2
27 B 34 2
27 B 35 2
27 B 36 2
27 B 37 2
27 B 38 2
27 B 39 2
27 B 40 2
27 B 41 2
27 B 42 2
27 B 43 2
27 B 44 2
27 B 45 2
27 B 46 2
27 B 47 2
27 B 48 2
27 B 49 2
27 B 50 2
28 A 1 1
28 A 2 1
28 A 3 1
28 A 4 1
28 A 5 1
28 A 6 1
28 A 7 1
28 A 8 1
28 A 9 1
28 A 10 1
28 A 11 1
28 A 12 1
28 A 13 1
28 A 14 1
28 A 15 1
28 A 16 1
28 A 17 1
28 A 18 1
28 A 19 1
28 A 20 1
28 A 21 1
28 A 22 1
28 A 23 1
28 A 24 1
28 A 25 1
28 A 26 1
28 A 27 1
28 A 28 1
28 A 29 1
28 A 30 1
28 A 31 1
28 A 32 1
28 A 33 1
28 A 34 1
28 A 35 1
28 A 36 1
28 A 37 1
28 A 38 1
28 A 39 1
28 A 40 1
28 A 41 1
28 A 42 1
28 A 43 1
28 A 44 1
28 A 45 1
28 A 46 1
28 A 47 1
28 A 48 1
28 A 49 1
28 A 50 1
28 B 1 2
28 B 2 2
28 B 3 2
28 B 4 2
28 B 5 2
28 B 6 2
28 B 7 2
28 B 8 2
28 B 9 2
28 B 10 2
28 B 11 2
28 B 12 2
28 B 13 2
28 B 14 2
28 B 15 2
28 B 16 2
28 B 17 2
28 B 18 2
28 B 19 2
28 B 20 2
28 B 21 2
28 B 22 2
28 B 23 2
28 B 24 2
28 B 25 2
28 B 26 2
28 B 27 2
28 B 28 2
28 B 29 2
28 B 30 2
28 B 31 2
28 B 32 2
28 B 33 2
28 B 34 2
28 B 35 2
28 B 36 2
28 B 37 2
28 B 38 2
28 B 39 2
28 B 40 2
28 B 41 2
28 B 42 2
28 B 43 2
28 B 44 2
28 B 45 2
28 B 46 2
28 B 47 2
28 B 48 2
28 B 49 2
28 B 50 2
29 A 1 1
29 A 2 1
29 A 3 1
29 A 4 1
29 A 5 1
29 A 6 1
29 A 7 1
29 A 8 1
29 A 9 1
29 A 10 1
29 A 11 1
29 A 12 1
29 A 13 1
29 A 14 1
29 A 15 1
29 A 16 1
29 A 17 1
29 A 18 1
29 A 19 1
29 A 20 1
29 A 21 1
29 A 22 1
29 A 23 1
29 A 24 1
29 A 25 1
29 A 26 1
29 A 27 1
29 A 28 1
29 A 29 1
29 A 30 1
29 A 31 1
29 A 32 1
29 A 33 1
29 A 34 1
29 A 35 1
29 A 36 1
29 A 37 1
29 A 38 1
29 A 39 1
29 A 40 1
29 A 41 1
29 A 42 1
29 A 43 1
29 A 44 1
29 A 45 1
29 A 46 1
29 A 47 1
29 A 48 1
29 A 49 1
29 A 50 1
29 B 1 2
29 B 2 2
29 B 3 2
29 B 4 2
29 B 5 2
29 B 6 2
29 B 7 2
29 B 8 2
29 B 9 2
29 B 10 2
29 B 11 2
29 B 12 2
29 B 13 2
29 B 14 2
29 B 15 2
29 B 16 2
29 B 17 2
29 B 18 2
29 B 19 2
29 B 20 2
29 B 21 2
29 B 22 2
29 B 23 2
29 B 24 2
29 B 25 2
29 B 26 2
29 B 27 2
29 B 28 2
29 B 29 2
29 B 30 2
29 B 31 2
29 B 32 2
29 B 33 2
29 B 34 2
29 B 35 2
29 B 36 2
29 B 37 2
29 B 38 2
29 B 39 2
29 B 40 2
29 B 41 2
29 B 42 2
29 B 43 2
29 B 44 2
29 B 45 2
29 B 46 2
29 B 47 2
29 B 48 2
29 B 49 2
29 B 50 2
30 A 1 1
30 A 2 1
30 A 3 1
30 A 4 1
30 A 5 1
30 A 6 1
30 A 7 1
30 A 8 1
30 A 9 1
30 A 10 1
30 A 11 1
30 A 12 1
30 A 13 1
30 A 14 1
30 A 15 1
30 A 16 1
30 A 17 1
30 A 18 1
30 A 19 1
30 A 20 1
30 A 21 1
30 A 22 1
30 A 23 1
30 A 24 1
30 A 25 1
30 A 26 1
30 A 27 1
30 A 28 1
30 A 29 1
30 A 30 1
30 A 31 1
30 A 32 1
30 A 33 1
30 A 34 1
30 A 35 1
30 A 36 1
30 A 37 1
30 A 38 1
30 A 39 1
30 A 40 1
30 A 41 1
30 A 42 1
30 A 43 1
30 A 44 1
30 A 45 1
30 A 46 1
30 A 47 1
30 A 48 1
30 A 49 1
30 A 50 1
30 B 1 2
30 B 2 2
30 B 3 2
30 B 4 2
30 B 5 2
30 B 6 2
30 B 7 2
30 B 8 2
30 B 9 2
30 B 10 2
30 B 11 2
30 B 12 2
30 B 13 2
30 B 14 2
30 B 15 2
30 B 16 2
30 B 17 2
30 B 18 2
30 B 19 2
30 B 20 2
30 B 21 2
30 B 22 2
30 B 23 2
30 B 24 2
30 B 25 2
30 B 26 2
30 B 27 2
30 B 28 2
30 B 29 2
30 B 30 2
30 B 31 2
30 B 32 2
30 B 33 2
30 B 34 2
30 B 35 2
30 B 36 2
30 B 37 2
30 B 38 2
30 B 39 2
30 B 40 2
30 B 41 2
30 B 42 2
30 B 43 2
30 B 44 2
30 B 45 2
30 B 46 2
30 B 47 2
30 B 48 2
30 B 49 2
30 B 50 2
31 A 1 1
31 A 2 1
31 A 3 1
31 A 4 1
31 A 5 1
31 A 6 1
31 A 7 1
31 A 8 1
31 A 9 1
31 A 10 1
31 A 11 1
31 A 12 1
31 A 13 1
31 A 14 1
31 A 15 1
31 A 16 1
31 A 17 1
31 A 18 1
31 A 19 1
31 A 20 1
31 A 21 1
31 A 22 1
31 A 23 1
31 A 24 1
31 A 25 1
31 A 26 1
31 A 27 1
31 A 28 1
31 A 29 1
31 A 30 1
31 A 31 1
31 A 32 1
31 A 33 1
31 A 34 1
31 A 35 1
31 A 36 1
31 A 37 1
31 A 38 1
31 A 39 1
31 A 40 1
31 A 41 1
31 A 42 1
31 A 43 1
31 A 44 1
31 A 45 1
31 A 46 1
31 A 47 1
31 A 48 1
31 A 49 1
31 A 50 1
31 B 1 2
31 B 2 2
31 B 3 2
31 B 4 2
31 B 5 2
31 B 6 2
31 B 7 2
31 B 8 2
31 B 9 2
31 B 10 2
31 B 11 2
31 B 12 2
31 B 13 2
31 B 14 2
31 B 15 2
31 B 16 2
31 B 17 2
31 B 18 2
31 B 19 2
31 B 20 2
31 B 21 2
31 B 22 2
31 B 23 2
31 B 24 2
31 B 25 2
31 B 26 2
31 B 27 2
31 B 28 2
31 B 29 2
31 B 30 2
31 B 31 2
31 B 32 2
31 B 33 2
31 B 34 2
31 B 35 2
31 B 36 2
31 B 37 2
31 B 38 2
31 B 39 2
31 B 40 2
31 B 41 2
31 B 42 2
31 B 43 2
31 B 44 2
31 B 45 2
31 B 46 2
31 B 47 2
31 B 48 2
31 B 49 2
31 B 50 2
32 A 1 1
32 A 2 1
32 A 3 1
32 A 4 1
32 A 5 1
32 A 6 1
32 A 7 1
32 A 8 1
32 A 9 1
32 A 10 1
32 A 11 1
32 A 12 1
32 A 13 1
32 A 14 1
32 A 15 1
32 A 16 1
32 A 17 1
32 A 18 1
32 A 19 1
32 A 20 1
32 A 21 1
32 A 22 1
32 A 23 1
32 A 24 1
32 A 25 1
32 A 26 1
32 A 27 1
32 A 28 1
32 A 29 1
32 A 30 1
32 A 31 1
32 A 32 1
32 A 33 1
32 A 34 1
32 A 35 1
32 A 36 1
32 A 37 1
32 A 38 1
32 A 39 1
32 A 40 1
32 A 41 1
32 A 42 1
32 A 43 1
32 A 44 1
32 A 45 1
32 A 46 1
32 A 47 1
32 A 48 1
32 A 49 1
32 A 50 1
32 B 1 2
32 B 2 2
32 B 3 2
32 B 4 2
32 B 5 2
32 B 6 2
32 B 7 2
32 B 8 2
32 B 9 2
32 B 10 2
32 B 11 2
32 B 12 2
32 B 13 2
32 B 14 2
32 B 15 2
32 B 16 2
32 B 17 2
32 B 18 2
32 B 19 2
32 B 20 2
32 B 21 2
32 B 22 2
32 B 23 2
32 B 24 2
32 B 25 2
32 B 26 2
32 B 27 2
32 B 28 2
32 B 29 2
32 B 30 2
32 B 31 2
32 B 32 2
32 B 33 2
32 B 34 2
32 B 35 2
32 B 36 2
32 B 37 2
32 B 38 2
32 B 39 2
32 B 40 2
32 B 41 2
32 B 42 2
32 B 43 2
32 B 44 2
32 B 45 2
32 B 46 2
32 B 47 2
32 B 48 2
32 B 49 2
32 B 50 2
33 A 1 1
33 A 2 1
33 A 3 1
33 A 4 1
33 A 5 1
33 A 6 1
33 A 7 1
33 A 8 1
33 A 9 1
33 A 10 1
33 A 11 1
33 A 12 1
33 A 13 1
33 A 14 1
33 A 15 1
33 A 16 1
33 A 17 1
33 A 18 1
33 A 19 1
33 A 20 1
33 A 21 1
33 A 22 1
33 A 23 1
33 A 24 1
33 A 25 1
33 A 26 1
33 A 27 1
33 A 28 1
33 A 29 1
33 A 30 1
33 A 31 1
33 A 32 1
33 A 33 1
33 A 34 1
33 A 35 1
33 A 36 1
33 A 37 1
33 A 38 1
33 A 39 1
33 A 40 1
33 A 41 1
33 A 42 1
33 A 43 1
33 A 44 1
33 A 45 1
33 A 46 1
33 A 47 1
33 A 48 1
33 A 49 1
33 A 50 1
33 B 1 2
33 B 2 2
33 B 3 2
33 B 4 2
33 B 5 2
33 B 6 2
33 B 7 2
33 B 8 2
33 B 9 2
33 B 10 2
33 B 11 2
33 B 12 2
33 B 13 2
33 B 14 2
33 B 15 2
33 B 16 2
33 B 17 2
33 B 18 2
33 B 19 2
33 B 20 2
33 B 21 2
33 B 22 2
33 B 23 2
33 B 24 2
33 B 25 2
33 B 26 2
33 B 27 2
33 B 28 2
33 B 29 2
33 B 30 2
33 B 31 2
33 B 32 2
33 B 33 2
33 B 34 2
33 B 35 2
33 B 36 2
33 B 37 2
33 B 38 2
33 B 39 2
33 B 40 2
33 B 41 2
33 B 42 2
33 B 43 2
33 B 44 2
33 B 45 2
33 B 46 2
33 B 47 2
33 B 48 2
33 B 49 2
33 B 50 2
34 A 1 1
34 A 2 1
34 A 3 1
34 A 4 1
34 A 5 1
34 A 6 1
34 A 7 1
34 A 8 1
34 A 9 1
34 A 10 1
34 A 11 1
34 A 12 1
34 A 13 1
34 A 14 1
34 A 15 1
34 A 16 1
34 A 17 1
34 A 18 1
34 A 19 1
34 A 20 1
34 A 21 1
34 A 22 1
34 A 23 1
34 A 24 1
34 A 25 1
34 A 26 1
34 A 27 1
34 A 28 1
34 A 29 1
34 A 30 1
34 A 31 1
34 A 32 1
34 A 33 1
34 A 34 1
34 A 35 1
34 A 36 1
34 A 37 1
34 A 38 1
34 A 39 1
34 A 40 1
34 A 41 1
34 A 42 1
34 A 43 1
34 A 44 1
34 A 45 1
34 A 46 1
34 A 47 1
34 A 48 1
34 A 49 1
34 A 50 1
34 B 1 2
34 B 2 2
34 B 3 2
34 B 4 2
34 B 5 2
34 B 6 2
34 B 7 2
34 B 8 2
34 B 9 2
34 B 10 2
34 B 11 2
34 B 12 2
34 B 13 2
34 B 14 2
34 B 15 2
34 B 16 2
34 B 17 2
34 B 18 2
34 B 19 2
34 B 20 2
34 B 21 2
34 B 22 2
34 B 23 2
34 B 24 2
34 B 25 2
34 B 26 2
34 B 27 2
34 B 28 2
34 B 29 2
34 B 30 2
34 B 31 2
34 B 32 2
34 B 33 2
34 B 34 2
34 B 35 2
34 B 36 2
34 B 37 2
34 B 38 2
34 B 39 2
34 B 40 2
34 B 41 2
34 B 42 2
34 B 43 2
34 B 44 2
34 B 45 2
34 B 46 2
34 B 47 2
34 B 48 2
34 B 49 2
34 B 50 2
35 A 1 1
35 A 2 1
35 A 3 1
35 A 4 1
35 A 5 1
35 A 6 1
35 A 7 1
35 A 8 1
35 A 9 1
35 A 10 1
35 A 11 1
35 A 12 1
35 A 13 1
35 A 14 1
35 A 15 1
35 A 16 1
35 A 17 1
35 A 18 1
35 A 19 1
35 A 20 1
35 A 21 1
35 A 22 1
35 A 23 1
35 A 24 1
35 A 25 1
35 A 26 1
35 A 27 1
35 A 28 1
35 A 29 1
35 A 30 1
35 A 31 1
35 A 32 1
35 A 33 1
35 A 34 1
35 A 35 1
35 A 36 1
35 A 37 1
35 A 38 1
35 A 39 1
35 A 40 1
35 A 41 1
35 A 42 1
35 A 43 1
35 A 44 1
35 A 45 1
35 A 46 1
35 A 47 1
35 A 48 1
35 A 49 1
35 A 50 1
35 B 1 2
35 B 2 2
35 B 3 2
35 B 4 2
35 B 5 2
35 B 6 2
35 B 7 2
35 B 8 2
35 B 9 2
35 B 10 2
35 B 11 2
35 B 12 2
35 B 13 2
35 B 14 2
35 B 15 2
35 B 16 2
35 B 17 2
35 B 18 2
35 B 19 2
35 B 20 2
35 B 21 2
35 B 22 2
35 B 23 2
35 B 24 2
35 B 25 2
35 B 26 2
35 B 27 2
35 B 28 2
35 B 29 2
35 B 30 2
35 B 31 2
35 B 32 2
35 B 33 2
35 B 34 2
35 B 35 2
35 B 36 2
35 B 37 2
35 B 38 2
35 B 39 2
35 B 40 2
35 B 41 2
35 B 42 2
35 B 43 2
35 B 44 2
35 B 45 2
35 B 46 2
35 B 47 2
35 B 48 2
35 B 49 2
35 B 50 2
36 A 1 1
36 A 2 1
36 A 3 1
36 A 4 1
36 A 5 1
36 A 6 1
36 A 7 1
36 A 8 1
36 A 9 1
36 A 10 1
36 A 11 1
36 A 12 1
36 A 13 1
36 A 14 1
36 A 15 1
36 A 16 1
36 A 17 1
36 A 18 1
36 A 19 1
36 A 20 1
36 A 21 1
36 A 22 1
36 A 23 1
36 A 24 1
36 A 25 1
36 A 26 1
36 A 27 1
36 A 28 1
36 A 29 1
36 A 30 1
36 A 31 1
36 A 32 1
36 A 33 1
36 A 34 1
36 A 35 1
36 A 36 1
36 A 37 1
36 A 38 1
36 A 39 1
36 A 40 1
36 A 41 1
36 A 42 1
36 A 43 1
36 A 44 1
36 A 45 1
36 A 46 1
36 A 47 1
36 A 48 1
36 A 49 1
36 A 50 1
36 B 1 2
36 B 2 2
36 B 3 2
36 B 4 2
36 B 5 2
36 B 6 2
36 B 7 2
36 B 8 2
36 B 9 2
36 B 10 2
36 B 11 2
36 B 12 2
36 B 13 2
36 B 14 2
36 B 15 2
36 B 16 2
36 B 17 2
36 B 18 2
36 B 19 2
36 B 20 2
36 B 21 2
36 B 22 2
36 B 23 2
36 B 24 2
36 B 25 2
36 B 26 2
36 B 27 2
36 B 28 2
36 B 29 2
36 B 30 2
36 B 31 2
36 B 32 2
36 B 33 2
36 B 34 2
36 B 35 2
36 B 36 2
36 B 37 2
36 B 38 2
36 B 39 2
36 B 40 2
36 B 41 2
36 B 42 2
36 B 43 2
36 B 44 2
36 B 45 2
36 B 46 2
36 B 47 2
36 B 48 2
36 B 49 2
36 B 50 2
37 A 1 1
37 A 2 1
37 A 3 1
37 A 4 1
37 A 5 1
37 A 6 1
37 A 7 1
37 A 8 1
37 A 9 1
37 A 10 1
37 A 11 1
37 A 12 1
37 A 13 1
37 A 14 1
37 A 15 1
37 A 16 1
37 A 17 1
37 A 18 1
37 A 19 1
37 A 20 1
37 A 21 1
37 A 22 1
37 A 23 1
37 A 24 1
37 A 25 1
37 A 26 1
37 A 27 1
37 A 28 1
37 A 29 1
37 A 30 1
37 A 31 1
37 A 32 1
37 A 33 1
37 A 34 1
37 A 35 1
37 A 36 1
37 A 37 1
37 A 38 1
37 A 39 1
37 A 40 1
37 A 41 1
37 A 42 1
37 A 43 1
37 A 44 1
37 A 45 1
37 A 46 1
37 A 47 1
37 A 48 1
37 A 49 1
37 A 50 1
37 B 1 2
37 B 2 2
37 B 3 2
37 B 4 2
37 B 5 2
37 B 6 2
37 B 7 2
37 B 8 2
37 B 9 2
37 B 10 2
37 B 11 2
37 B 12 2
37 B 13 2
37 B 14 2
37 B 15 2
37 B 16 2
37 B 17 2
37 B 18 2
37 B 19 2
37 B 20 2
37 B 21 2
37 B 22 2
37 B 23 2
37 B 24 2
37 B 25 2
37 B 26 2
37 B 27 2
37 B 28 2
37 B 29 2
37 B 30 2
37 B 31 2
37 B 32 2
37 B 33 2
37 B 34 2
37 B 35 2
37 B 36 2
37 B 37 2
37 B 38 2
37 B 39 2
37 B 40 2
37 B 41 2
37 B 42 2
37 B 43 2
37 B 44 2
37 B 45 2
37 B 46 2
37 B 47 2
37 B 48 2
37 B 49 2
37 B 50 2
38 A 1 1
38 A 2 1
38 A 3 1
38 A 4 1
38 A 5 1
38 A 6 1
38 A 7 1
38 A 8 1
38 A 9 1
38 A 10 1
38 A 11 1
38 A 12 1
38 A 13 1
38 A 14 1
38 A 15 1
38 A 16 1
38 A 17 1
38 A 18 1
38 A 19 1
38 A 20 1
38 A 21 1
38 A 22 1
38 A 23 1
38 A 24 1
38 A 25 1
38 A 26 1
38 A 27 1
38 A 28 1
38 A 29 1
38 A 30 1
38 A 31 1
38 A 32 1
38 A 33 1
38 A 34 1
38 A 35 1
38 A 36 1
38 A 37 1
38 A 38 1
38 A 39 1
38 A 40 1
38 A 41 1
38 A 42 1
38 A 43 1
38 A 44 1
38 A 45 1
38 A 46 1
38 A 47 1
38 A 48 1
38 A 49 1
38 A 50 1
38 B 1 2
38 B 2 2
38 B 3 2
38 B 4 2
38 B 5 2
38 B 6 2
38 B 7 2
38 B 8 2
38 B 9 2
38 B 10 2
38 B 11 2
38 B 12 2
38 B 13 2
38 B 14 2
38 B 15 2
38 B 16 2
38 B 17 2
38 B 18 2
38 B 19 2
38 B 20 2
38 B 21 2
38 B 22 2
38 B 23 2
38 B 24 2
38 B 25 2
38 B 26 2
38 B 27 2
38 B 28 2
38 B 29 2
38 B 30 2
38 B 31 2
38 B 32 2
38 B 33 2
38 B 34 2
38 B 35 2
38 B 36 2
38 B 37 2
38 B 38 2
38 B 39 2
38 B 40 2
38 B 41 2
38 B 42 2
38 B 43 2
38 B 44 2
38 B 45 2
38 B 46 2
38 B 47 2
38 B 48 2
38 B 49 2
38 B 50 2
39 A 1 1
39 A 2 1
39 A 3 1
39 A 4 1
39 A 5 1
39 A 6 1
39 A 7 1
39 A 8 1
39 A 9 1
39 A 10 1
39 A 11 1
39 A 12 1
39 A 13 1
39 A 14 1
39 A 15 1
39 A 16 1
39 A 17 1
39 A 18 1
39 A 19 1
39 A 20 1
39 A 21 1
39 A 22 1
39 A 23 1
39 A 24 1
39 A 25 1
39 A 26 1
39 A 27 1
39 A 28 1
39 A 29 1
39 A 30 1
39 A 31 1
39 A 32 1
39 A 33 1
39 A 34 1
39 A 35 1
39 A 36 1
39 A 37 1
39 A 38 1
39 A 39 1
39 A 40 1
39 A 41 1
39 A 42 1
39 A 43 1
39 A 44 1
39 A 45 1
39 A 46 1
39 A 47 1
39 A 48 1
39 A 49 1
39 A 50 1
39 B 1 2
39 B 2 2
39 B 3 2
39 B 4 2
39 B 5 2
39 B 6 2
39 B 7 2
39 B 8 2
39 B 9 2
39 B 10 2
39 B 11 2
39 B 12 2
39 B 13 2
39 B 14 2
39 B 15 2
39 B 16 2
39 B 17 2
39 B 18 2
39 B 19 2
39 B 20 2
39 B 21 2
39 B 22 2
39 B 23 2
39 B 24 2
39 B 25 2
39 B 26 2
39 B 27 2
39 B 28 2
39 B 29 2
39 B 30 2
39 B 31 2
39 B 32 2
39 B 33 2
39 B 34 2
39 B 35 2
39 B 36 2
39 B 37 2
39 B 38 2
39 B 39 2
39 B 40 2
39 B 41 2
39 B 42 2
39 B 43 2
39 B 44 2
39 B 45 2
39 B 46 2
39 B 47 2
39 B 48 2
39 B 49 2
39 B 50 2
40 A 1 1
40 A 2 1
40 A 3 1
40 A 4 1
40 A 5 1
40 A 6 1
40 A 7 1
40 A 8 1
40 A 9 1
40 A 10 1
40 A 11 1
40 A 12 1
40 A 13 1
40 A 14 1
40 A 15 1
40 A 16 1
40 A 17 1
40 A 18 1
40 A 19 1
40 A 20 1
40 A 21 1
40 A 22 1
40 A 23 1
40 A 24 1
40 A 25 1
40 A 26 1
40 A 27 1
40 A 28 1
40 A 29 1
40 A 30 1
40 A 31 1
40 A 32 1
40 A 33 1
40 A 34 1
40 A 35 1
40 A 36 1
40 A 37 1
40 A 38 1
40 A 39 1
40 A 40 1
40 A 41 1
40 A 42 1
40 A 43 1
40 A 44 1
40 A 45 1
40 A 46 1
40 A 47 1
40 A 48 1
40 A 49 1
40 A 50 1
40 B 1 2
40 B 2 2
40 B 3 2
40 B 4 2
40 B 5 2
40 B 6 2
40 B 7 2
40 B 8 2
40 B 9 2
40 B 10 2
40 B 11 2
40 B 12 2
40 B 13 2
40 B 14 2
40 B 15 2
40 B 16 2
40 B 17 2
40 B 18 2
40 B 19 2
40 B 20 2
40 B 21 2
40 B 22 2
40 B 23 2
40 B 24 2
40 B 25 2
40 B 26 2
40 B 27 2
40 B 28 2
40 B 29 2
40 B 30 2
40 B 31 2
40 B 32 2
40 B 33 2
40 B 34 2
40 B 35 2
40 B 36 2
40 B 37 2
40 B 38 2
40 B 39 2
40 B 40 2
40 B 41 2
40 B 42 2
40 B 43 2
40 B 44 2
40 B 45 2
40 B 46 2
40 B 47 2
40 B 48 2
40 B 49 2
40 B 50 2
41 A 1 1
41 A 2 1
41 A 3 1
41 A 4 1
41 A 5 1
41 A 6 1
41 A 7 1
41 A 8 1
41 A 9 1
41 A 10 1
41 A 11 1
41 A 12 1
41 A 13 1
41 A 14 1
41 A 15 1
41 A 16 1
41 A 17 1
41 A 18 1
41 A 19 1
41 A 20 1
41 A 21 1
41 A 22 1
41 A 23 1
41 A 24 1
41 A 25 1
41 A 26 1
41 A 27 1
41 A 28 1
41 A 29 1
41 A 30 1
41 A 31 1
41 A 32 1
41 A 33 1
41 A 34 1
41 A 35 1
41 A 36 1
41 A 37 1
41 A 38 1
41 A 39 1
41 A 40 1
41 A 41 1
41 A 42 1
41 A 43 1
41 A 44 1
41 A 45 1
41 A 46 1
41 A 47 1
41 A 48 1
41 A 49 1
41 A 50 1
41 B 1 2
41 B 2 2
41 B 3 2
41 B 4 2
41 B 5 2
41 B 6 2
41 B 7 2
41 B 8 2
41 B 9 2
41 B 10 2
41 B 11 2
41 B 12 2
41 B 13 2
41 B 14 2
41 B 15 2
41 B 16 2
41 B 17 2
41 B 18 2
41 B 19 2
41 B 20 2
41 B 21 2
41 B 22 2
41 B 23 2
41 B 24 2
41 B 25 2
41 B 26 2
41 B 27 2
41 B 28 2
41 B 29 2
41 B 30 2
41 B 31 2
41 B 32 2
41 B 33 2
41 B 34 2
41 B 35 2
41 B 36 2
41 B 37 2
41 B 38 2
41 B 39 2
41 B 40 2
41 B 41 2
41 B 42 2
41 B 43 2
41 B 44 2
41 B 45 2
41 B 46 2
41 B 47 2
41 B 48 2
41 B 49 2
41 B 50 2
42 A 1 1
42 A 2 1
42 A 3 1
42 A 4 1
42 A 5 1
42 A 6 1
42 A 7 1
42 A 8 1
42 A 9 1
42 A 10 1
42 A 11 1
42 A 12 1
42 A 13 1
42 A 14 1
42 A 15 1
42 A 16 1
42 A 17 1
42 A 18 1
42 A 19 1
42 A 20 1
42 A 21 1
42 A 22 1
42 A 23 1
42 A 24 1
42 A 25 1
42 A 26 1
42 A 27 1
42 A 28 1
42 A 29 1
42 A 30 1
42 A 31 1
42 A 32 1
42 A 33 1
42 A 34 1
42 A 35 1
42 A 36 1
42 A 37 1
42 A 38 1
42 A 39 1
42 A 40 1
42 A 41 1
42 A 42 1
42 A 43 1
42 A 44 1
42 A 45 1
42 A 46 1
42 A 47 1
42 A 48 1
42 A 49 1
42 A 50 1
42 B 1 2
42 B 2 2
42 B 3 2
42 B 4 2
42 B 5 2
42 B 6 2
42 B 7 2
42 B 8 2
42 B 9 2
42 B 10 2
42 B 11 2
42 B 12 2
42 B 13 2
42 B 14 2
42 B 15 2
42 B 16 2
42 B 17 2
42 B 18 2
42 B 19 2
42 B 20 2
42 B 21 2
42 B 22 2
42 B 23 2
42 B 24 2
42 B 25 2
42 B 26 2
42 B 27 2
42 B 28 2
42 B 29 2
42 B 30 2
42 B 31 2
42 B 32 2
42 B 33 2
42 B 34 2
42 B 35 2
42 B 36 2
42 B 37 2
42 B 38 2
42 B 39 2
42 B 40 2
42 B 41 2
42 B 42 2
42 B 43 2
42 B 44 2
42 B 45 2
42 B 46 2
42 B 47 2
42 B 48 2
42 B 49 2
42 B 50 2
43 A 1 1
43 A 2 1
43 A 3 1
43 A 4 1
43 A 5 1
43 A 6 1
43 A 7 1
43 A 8 1
43 A 9 1
43 A 10 1
43 A 11 1
43 A 12 1
43 A 13 1
43 A 14 1
43 A 15 1
43 A 16 1
43 A 17 1
43 A 18 1
43 A 19 1
43 A 20 1
43 A 21 1
43 A 22 1
43 A 23 1
43 A 24 1
43 A 25 1
43 A 26 1
43 A 27 1
43 A 28 1
43 A 29 1
43 A 30 1
43 A 31 1
43 A 32 1
43 A 33 1
43 A 34 1
43 A 35 1
43 A 36 1
43 A 37 1
43 A 38 1
43 A 39 1
43 A 40 1
43 A 41 1
43 A 42 1
43 A 43 1
43 A 44 1
43 A 45 1
43 A 46 1
43 A 47 1
43 A 48 1
43 A 49 1
43 A 50 1
43 B 1 2
43 B 2 2
43 B 3 2
43 B 4 2
43 B 5 2
43 B 6 2
43 B 7 2
43 B 8 2
43 B 9 2
43 B 10 2
43 B 11 2
43 B 12 2
43 B 13 2
43 B 14 2
43 B 15 2
43 B 16 2
43 B 17 2
43 B 18 2
43 B 19 2
43 B 20 2
43 B 21 2
43 B 22 2
43 B 23 2
43 B 24 2
43 B 25 2
43 B 26 2
43 B 27 2
43 B 28 2
43 B 29 2
43 B 30 2
43 B 31 2
43 B 32 2
43 B 33 2
43 B 34 2
43 B 35 2
43 B 36 2
43 B 37 2
43 B 38 2
43 B 39 2
43 B 40 2
43 B 41 2
43 B 42 2
43 B 43 2
43 B 44 2
43 B 45 2
43 B 46 2
43 B 47 2
43 B 48 2
43 B 49 2
43 B 50 2
44 A 1 1
44 A 2 1
44 A 3 1
44 A 4 1
44 A 5 1
44 A 6 1
44 A 7 1
44 A 8 1
44 A 9 1
44 A 10 1
44 A 11 1
44 A 12 1
44 A 13 1
44 A 14 1
44 A 15 1
44 A 16 1
44 A 17 1
44 A 18 1
44 A 19 1
44 A 20 1
44 A 21 1
44 A 22 1
44 A 23 1
44 A 24 1
44 A 25 1
44 A 26 1
44 A 27 1
44 A 28 1
44 A 29 1
44 A 30 1
44 A 31 1
44 A 32 1
44 A 33 1
44 A 34 1
44 A 35 1
44 A 36 1
44 A 37 1
44 A 38 1
44 A 39 1
44 A 40 1
44 A 41 1
44 A 42 1
44 A 43 1
44 A 44 1
44 A 45 1
44 A 46 1
44 A 47 1
44 A 48 1
44 A 49 1
44 A 50 1
44 B 1 2
44 B 2 2
44 B 3 2
44 B 4 2
44 B 5 2
44 B 6 2
44 B 7 2
44 B 8 2
44 B 9 2
44 B 10 2
44 B 11 2
44 B 12 2
44 B 13 2
44 B 14 2
44 B 15 2
44 B 16 2
44 B 17 2
44 B 18 2
44 B 19 2
44 B 20 2
44 B 21 2
44 B 22 2
44 B 23 2
44 B 24 2
44 B 25 2
44 B 26 2
44 B 27 2
44 B 28 2
44 B 29 2
44 B 30 2
44 B 31 2
44 B 32 2
44 B 33 2
44 B 34 2
44 B 35 2
44 B 36 2
44 B 37 2
44 B 38 2
44 B 39 2
44 B 40 2
44 B 41 2
44 B 42 2
44 B 43 2
44 B 44 2
44 B 45 2
44 B 46 2
44 B 47 2
44 B 48 2
44 B 49 2
44 B 50 2
45 A 1 1
45 A 2 1
45 A 3 1
45 A 4 1
45 A 5 1
45 A 6 1
45 A 7 1
45 A 8 1
45 A 9 1
45 A 10 1
45 A 11 1
45 A 12 1
45 A 13 1
45 A 14 1
45 A 15 1
45 A 16 1
45 A 17 1
45 A 18 1
45 A 19 1
45 A 20 1
45 A 21 1
45 A 22 1
45 A 23 1
45 A 24 1
45 A 25 1
45 A 26 1
45 A 27 1
45 A 28 1
45 A 29 1
45 A 30 1
45 A 31 1
45 A 32 1
45 A 33 1
45 A 34 1
45 A 35 1
45 A 36 1
45 A 37 1
45 A 38 1
45 A 39 1
45 A 40 1
45 A 41 1
45 A 42 1
45 A 43 1
45 A 44 1
45 A 45 1
45 A 46 1
45 A 47 1
45 A 48 1
45 A 49 1
45 A 50 1
45 B 1 2
45 B 2 2
45 B 3 2
45 B 4 2
45 B 5 2
45 B 6 2
45 B 7 2
45 B 8 2
45 B 9 2
45 B 10 2
45 B 11 2
45 B 12 2
45 B 13 2
45 B 14 2
45 B 15 2
45 B 16 2
45 B 17 2
45 B 18 2
45 B 19 2
45 B 20 2
45 B 21 2
45 B 22 2
45 B 23 2
45 B 24 2
45 B 25 2
45 B 26 2
45 B 27 2
45 B 28 2
45 B 29 2
45 B 30 2
45 B 31 2
45 B 32 2
45 B 33 2
45 B 34 2
45 B 35 2
45 B 36 2
45 B 37 2
45 B 38 2
45 B 39 2
45 B 40 2
45 B 41 2
45 B 42 2
45 B 43 2
45 B 44 2
45 B 45 2
45 B 46 2
45 B 47 2
45 B 48 2
45 B 49 2
45 B 50 2
46 A 1 1
46 A 2 1
46 A 3 1
46 A 4 1
46 A 5 1
46 A 6 1
46 A 7 1
46 A 8 1
46 A 9 1
46 A 10 1
46 A 11 1
46 A 12 1
46 A 13 1
46 A 14 1
46 A 15 1
46 A 16 1
46 A 17 1
46 A 18 1
46 A 19 1
46 A 20 1
46 A 21 1
46 A 22 1
46 A 23 1
46 A 24 1
46 A 25 1
46 A 26 1
46 A 27 1
46 A 28 1
46 A 29 1
46 A 30 1
46 A 31 1
46 A 32 1
46 A 33 1
46 A 34 1
46 A 35 1
46 A 36 1
46 A 37 1
46 A 38 1
46 A 39 1
46 A 40 1
46 A 41 1
46 A 42 1
46 A 43 1
46 A 44 1
46 A 45 1
46 A 46 1
46 A 47 1
46 A 48 1
46 A 49 1
46 A 50 1
46 B 1 2
46 B 2 2
46 B 3 2
46 B 4 2
46 B 5 2
46 B 6 2
46 B 7 2
46 B 8 2
46 B 9 2
46 B 10 2
46 B 11 2
46 B 12 2
46 B 13 2
46 B 14 2
46 B 15 2
46 B 16 2
46 B 17 2
46 B 18 2
46 B 19 2
46 B 20 2
46 B 21 2
46 B 22 2
46 B 23 2
46 B 24 2
46 B 25 2
46 B 26 2
46 B 27 2
46 B 28 2
46 B 29 2
46 B 30 2
46 B 31 2
46 B 32 2
46 B 33 2
46 B 34 2
46 B 35 2
46 B 36 2
46 B 37 2
46 B 38 2
46 B 39 2
46 B 40 2
46 B 41 2
46 B 42 2
46 B 43 2
46 B 44 2
46 B 45 2
46 B 46 2
46 B 47 2
46 B 48 2
46 B 49 2
46 B 50 2
47 A 1 1
47 A 2 1
47 A 3 1
47 A 4 1
47 A 5 1
47 A 6 1
47 A 7 1
47 A 8 1
47 A 9 1
47 A 10 1
47 A 11 1
47 A 12 1
47 A 13 1
47 A 14 1
47 A 15 1
47 A 16 1
47 A 17 1
47 A 18 1
47 A 19 1
47 A 20 1
47 A 21 1
47 A 22 1
47 A 23 1
47 A 24 1
47 A 25 1
47 A 26 1
47 A 27 1
47 A 28 1
47 A 29 1
47 A 30 1
47 A 31 1
47 A 32 1
47 A 33 1
47 A 34 1
47 A 35 1
47 A 36 1
47 A 37 1
47 A 38 1
47 A 39 1
47 A 40 1
47 A 41 1
47 A 42 1
47 A 43 1
47 A 44 1
47 A 45 1
47 A 46 1
47 A 47 1
47 A 48 1
47 A 49 1
47 A 50 1
47 B 1 2
47 B 2 2
47 B 3 2
47 B 4 2
47 B 5 2
47 B 6 2
47 B 7 2
47 B 8 2
47 B 9 2
47 B 10 2
47 B 11 2
47 B 12 2
47 B 13 2
47 B 14 2
47 B 15 2
47 B 16 2
47 B 17 2
47 B 18 2
47 B 19 2
47 B 20 2
47 B 21 2
47 B 22 2
47 B 23 2
47 B 24 2
47 B 25 2
47 B 26 2
47 B 27 2
47 B 28 2
47 B 29 2
47 B 30 2
47 B 31 2
47 B 32 2
47 B 33 2
47 B 34 2
47 B 35 2
47 B 36 2
47 B 37 2
47 B 38 2
47 B 39 2
47 B 40 2
47 B 41 2
47 B 42 2
47 B 43 2
47 B 44 2
47 B 45 2
47 B 46 2
47 B 47 2
47 B 48 2
47 B 49 2
47 B 50 2
48 A 1 1
48 A 2 1
48 A 3 1
48 A 4 1
48 A 5 1
48 A 6 1
48 A 7 1
48 A 8 1
48 A 9 1
48 A 10 1
48 A 11 1
48 A 12 1
48 A 13 1
48 A 14 1
48 A 15 1
48 A 16 1
48 A 17 1
48 A 18 1
48 A 19 1
48 A 20 1
48 A 21 1
48 A 22 1
48 A 23 1
48 A 24 1
48 A 25 1
48 A 26 1
48 A 27 1
48 A 28 1
48 A 29 1
48 A 30 1
48 A 31 1
48 A 32 1
48 A 33 1
48 A 34 1
48 A 35 1
48 A 36 1
48 A 37 1
48 A 38 1
48 A 39 1
48 A 40 1
48 A 41 1
48 A 42 1
48 A 43 1
48 A 44 1
48 A 45 1
48 A 46 1
48 A 47 1
48 A 48 1
48 A 49 1
48 A 50 1
48 B 1 2
48 B 2 2
48 B 3 2
48 B 4 2
48 B 5 2
48 B 6 2
48 B 7 2
48 B 8 2
48 B 9 2
48 B 10 2
48 B 11 2
48 B 12 2
48 B 13 2
48 B 14 2
48 B 15 2
48 B 16 2
48 B 17 2
48 B 18 2
48 B 19 2
48 B 20 2
48 B 21 2
48 B 22 2
48 B 23 2
48 B 24 2
48 B 25 2
48 B 26 2
48 B 27 2
48 B 28 2
48 B 29 2
48 B 30 2
48 B 31 2
48 B 32 2
48 B 33 2
48 B 34 2
48 B 35 2
48 B 36 2
48 B 37 2
48 B 38 2
48 B 39 2
48 B 40 2
48 B 41 2
48 B 42 2
48 B 43 2
48 B 44 2
48 B 45 2
48 B 46 2
48 B 47 2
48 B 48 2
48 B 49 2
48 B 50 2
49 A 1 1
49 A 2 1
49 A 3 1
49 A 4 1
49 A 5 1
49 A 6 1
49 A 7 1
49 A 8 1
49 A 9 1
49 A 10 1
49 A 11 1
49 A 12 1
49 A 13 1
49 A 14 1
49 A 15 1
49 A 16 1
49 A 17 1
49 A 18 1
49 A 19 1
49 A 20 1
49 A 21 1
49 A 22 1
49 A 23 1
49 A 24 1
49 A 25 1
49 A 26 1
49 A 27 1
49 A 28 1
49 A 29 1
49 A 30 1
49 A 31 1
49 A 32 1
49 A 33 1
49 A 34 1
49 A 35 1
49 A 36 1
49 A 37 1
49 A 38 1
49 A 39 1
49 A 40 1
49 A 41 1
49 A 42 1
49 A 43 1
49 A 44 1
49 A 45 1
49 A 46 1
49 A 47 1
49 A 48 1
49 A 49 1
49 A 50 1
49 B 1 2
49 B 2 2
49 B 3 2
49 B 4 2
49 B 5 2
49 B 6 2
49 B 7 2
49 B 8 2
49 B 9 2
49 B 10 2
49 B 11 2
49 B 12 2
49 B 13 2
49 B 14 2
49 B 15 2
49 B 16 2
49 B 17 2
49 B 18 2
49 B 19 2
49 B 20 2
49 B 21 2
49 B 22 2
49 B 23 2
49 B 24 2
49 B 25 2
49 B 26 2
49 B 27 2
49 B 28 2
49 B 29 2
49 B 30 2
49 B 31 2
49 B 32 2
49 B 33 2
49 B 34 2
49 B 35 2
49 B 36 2
49 B 37 2
49 B 38 2
49 B 39 2
49 B 40 2
49 B 41 2
49 B 42 2
49 B 43 2
49 B 44 2
49 B 45 2
49 B 46 2
49 B 47 2
49 B 48 2
49 B 49 2
49 B 50 2
50 A 1 1
50 A 2 1
50 A 3 1
50 A 4 1
50 A 5 1
50 A 6 1
50 A 7 1
50 A 8 1
50 A 9 1
50 A 10 1
50 A 11 1
50 A 12 1
50 A 13 1
50 A 14 1
50 A 15 1
50 A 16 1
50 A 17 1
50 A 18 1
50 A 19 1
50 A 20 1
50 A 21 1
50 A 22 1
50 A 23 1
50 A 24 1
50 A 25 1
50 A 26 1
50 A 27 1
50 A 28 1
50 A 29 1
50 A 30 1
50 A 31 1
50 A 32 1
50 A 33 1
50 A 34 1
50 A 35 1
50 A 36 1
50 A 37 1
50 A 38 1
50 A 39 1
50 A 40 1
50 A 41 1
50 A 42 1
50 A 43 1
50 A 44 1
50 A 45 1
50 A 46 1
50 A 47 1
50 A 48 1
50 A 49 1
50 A 50 1
50 B 1 2
50 B 2 2
50 B 3 2
50 B 4 2
50 B 5 2
50 B 6 2
50 B 7 2
50 B 8 2
50 B 9 2
50 B 10 2
50 B 11 2
50 B 12 2
50 B 13 2
50 B 14 2
50 B 15 2
50 B 16 2
50 B 17 2
50 B 18 2
50 B 19 2
50 B 20 2
50 B 21 2
50 B 22 2
50 B 23 2
50 B 24 2
50 B 25 2
50 B 26 2
50 B 27 2
50 B 28 2
50 B 29 2
50 B 30 2
50 B 31 2
50 B 32 2
50 B 33 2
50 B 34 2
50 B 35 2
50 B 36 2
50 B 37 2
50 B 38 2
50 B 39 2
50 B 40 2
50 B 41 2
50 B 42 2
50 B 43 2
50 B 44 2
50 B 45 2
50 B 46 2
50 B 47 2
50 B 48 2
50 B 49 2
50 B 50 2
